174 365 31922
10111110001110101101100111000011000000100000101110010001000101010001100000101110110101011101000110101110111010000101111101101011011110101001010111111111101110011110101011000010000110101001100001000111011000000101010111101111100100111011111000000010010001000110111111000011001001000111111010101001100000000010110111011101110000110110101110100001100000001010111110011
11100101000011010100111001010011000111110010101010110101011110110010011001000000001101100101101000100010110111101000010111100000100001011110111110110000010001101110111111011011000011101001010111110111110100010000111111101001001000100011001101101001000001000101100100000111111010111101011110111000110001110010011110001111101111110011010001101111111110110001100100110
00011111011011101111100110110100101001000110011100001101110010000111110101001110011000110000100010110100000100001100010110101110011010010110111001011010110010010111110000101000111001100111010001011001001000001111101100001111110001111011101111110111010010001101101011101101011001100011100011111011000111110111100011010011100101110000100010101111010001011000111010100
01000111000111000101001000010001010001111110011110011001111100010111101011001000110000001111010000100100110100100110001001101110010001110001000011110111000111010101001100011110010001001000111000001011010010001000100110101110011110001111010100111110110001111101001111001111100111111100000101100101001011110100010100001000000000011110011011110100110001000011000101010
10010100010010100100100010000011100111100000110100111101001111000010111100011110110101100110011000100011111001010101001001010100001100001010111010111011001100000011100001100101111100010101111101110111111101001101100010101100110001010100011000100101001011000110101101100101001011011000010001101100010101011100110011111100100111111010011110111110000110000100001110011
11010010000000100011110011101010011101101110011000000010001100001001101001000111101011111101101100111111011100101101001001110110001000111010010111010000110000011110111011100100000001011000111101011010001110000011001100000101111000011000010100010110111111001001101111101001001110011100000111000110100111000000100101111010111101001110100111100010111101110001011100001
01101000010000011001111111000110110110011000010100000101001100010101111000110111011101011100100010101110000011011111001100101001110001010000011110010011011110001000001100000110110000110100101110100000100110010011111011011011111100100001001001111010010011100111100110011011010010101111010000100001001111111001011000011001011010110010110010110011010101000001000001110
11011010111100001100001101010000011001001110101110101110000100010100100011000010110101111110101100001110101000010100000001011101011111101100011001101111111100111111011010011010101100100100100001001110101111110000111110110000110000110011110011101010001100001011000000001101000110010110000101011110100101011100100010111001001111011001101000001000000110011011011010000
01001110101111110100100111110111100100011000001100011001100000110110100010000100110011110111101111111000001001100100001111001010110011101110111111001001011111100100011011000001010010011011101001001011111100010111011101100000111011011001101101111110001101000001010000011111110110011011011101010010101100011110110011111000011110001000111000100110100101001101100010011
00101001100001011000111011111010001111111001001111111110011110110010100010001001101000011001110101001010111101100111101010000001110101000110011111011111011110110000100111010110010101100000110111010110001010000010001110101101000101100111100110100111010011010000000000010111100010010110010001010110000010100111100001100010000001111001100010110001011000110010000101111
10010100111110001001110001001101111000101000011010111001011110110100011001111100100100000111000001111111110001110111111000110000111100011001011111100101110001001111110101100110000101001100101101001101111110000110011111100100110001101010100011110110111110000101011110110101001011100010110100100010001100101110111110010101010000111010011100111000010011010100011011100
11110010111011011101101000110001110001111111001101111001001001101000101010011101111101110011110001001001111100010101010010000101010100001010111111100001000100000010011011111001011101110000100101000000001110111010101010011001000101111001011011010110001010010100011110000000001110011101010101111010010101111111000101101011101110001111100100110011100011100000011000001
01001011110001010011110100100000000000001011011100000111000011001101110010111010010100010000100111010001001111001111110011000111111001000101111011001101011111110101101111101111101001011000100100010110001111110001001100111010000001001010000001111110101001111011110001010010100000010100010010111001100011011101101111011011011000000011011000110101010001101001001011100
11101100100110101100011111011000010011011101111001101111111000000001111100001110010001110101001001001110010011111001111110100100010010001101100110100111010101011001110000010001111110011011011101101011001011010111110111010000001110111010001101000100100101110110100010111111111011010100110000101010000101010111011010001111101100011101101011011001111011101011110001100
11010000101110101000111100011010110111011011111001001101111001001011001010011111001111111110100101000011101111100100110010010100101100100101001001011111000101000101011011000101010000000110010011010111100010011000110011110100110111011101001001111110000010011011110111111110011111000011111100111101011100000101111100101100101000100010110011000010001001101000101100111
11111010010011110110100010000010010010110001100101100011010100101011010010001001001101110011100111001111010011101000100010011100110111100011110101001011011000111010001110001110010001010101110110001001111000010011110111010101111011001100101110001010110111101100110110010100010010010000100000110110101111101110010011111010111011101010111001110101110100110100110011101
01110001101001000010000110111101000001101010100110110110111110101000110111001100100000001100100111010101101011000101110000111011011101010100000100001001100001011011011000010100110010011100000110010100000011000001001000001111100110011101110100001110100011001110101000100000101100100000001100000100000000000000111001000011100111010100101010010001111110010011110100000
10001110000111011001001110010111010110001101011110001100101101100110010111111011111111111101111011011000110111000100100111110100100100001010000011000100101011101100110110101101010000000110111010001101100111001010111100111011101010101110101000000010101100111110111000101001001100011101110001010100001110011001100010101010101101111000101010100100001010110000101101011
00110111110100101010110010101010000110101010101100010111101101010001010111001111111000010001001101010100010100000111010000111001111011011100001010100111110100111011010000010101010000110011101010110011010111010101000010000100010000000000111111011001000010101000011010100111110100011010001110110011100101111011110111010110101101010001001010110101011010010111100100011
00111000111000101011100101010101010101101111010001110110110101001101011010100100100100110111101000110010000111010110010100011110111101101110010011101110111101111110000011110010000101110110100000011111010001110000000011001001010110000110001010101101000101110100100011011011110010110001001101010011100110000010111000000101111110110110111111101000010001010110011101000
11011111100110101011110010011101110101010111100111110111011100010011001011111000011001101110010001111101111001100110111000001010100011001100100101000000011100111011000101100000110111100101110100001101010101111011110100001011110000110111001000000010011110101011111011001001100110100100110111110010001110110011001111101101001111000010101000110010011110011001101110011
11011100011110111101101011110100000011100110110011110101001000111010000010100010010010111001010000011110000111010101101101101001000011000011011111100110001001110110011110000111111111001000001001010010011001011110011010100101010111001010000110001111010101110000001101100100011101001000000110111011000010011001001000101100101010111101101110111101011100001100100010000
11000101001000001110101111110111110111001011110001101001101011010010010110110110110011000110101011101000001011001001110000001111111001110011100111000101000010111001101000000001000111011111100000101011001110001001100001100011111100101011101001011010011101000011001100110011100101101000010111100000100000000100011011000101000101010100010010100101011110110111100101100
00001100101011110111111010010111010010010001010100001111000100001110111000111000101010000000010110111011000110000011111101100110111101000101010001000000101001001000000001011011110011011111110001011100100011001101100110011011111000000001001101100100101010100110011000100100100101001100000101011001010101001110010001111000110011111011000111000110100110110100010110100
00100010010101001001101111001001011101110000101110100111010011001010110000110011010100111100010101101110110100101010011010111001111101101001110110110110111111101100011100010011010001101100011011010010001110011011010100000111001010010110111111010111101111010100011011110000110101011111110010101100001101000100101100000100111100110110110101011001110101100101011010011
00101000001000011101101011101011110011001110110110111010010101101110110110010110111011101000111011011111110101100001110101101101101100011010000110100001010010101111010111001111010010000000100100110111100000101011101111011010010010101111100111101011010100100100100111100110010100111001100110011011111010100000110000010001001110100111111101100111000011000010011101000
11001100001101000110110110110100111100011100111111000011101011011110101111010111011111000100101101100001000010101000110011110111111001111001001101100111111001010000011111001111001011110001001101100001000111011110101100011001000010100000011000000111010101011011101000101010110111010110100110011011001000110011001001110001000100110010000101011011010110010001110111010
11000000011010001100010111001111011101100100011111010010001001111000001111010000000101010001000101111011100100000010000111001100100101110000001111100011110011110101001010010100001110111100001111001101000101100111100011011101010100001101111001111011101001101110001101001001001101000011000100000011110100100110001001001000101000110100001001111000011001110100011101110
00011010011101100110110111001101110101010101011101111001001101011010011001110001011000000100001000000000100100010011000001100111111011111101010001001011111101000011101001101010011101001000000010000100111100000111010111011101011000100100100000100011110100110110011011001101011111100101101000010011011100011010110011001010110111010011100110001001100011010110010111111
01001100011111100100111010101111101010100010000110110000001100001110001110000000001101000010100010000011110110100000011100010110010111111111000101001100011011011010100101000111010101001100011101011000100001010101110101001101100011101001001110000100001100101100111111111000100111100001111101011101011111111110010001011011111001000011110000110100001010001100010110110
10111110100000101100101111011111010101010001010101011111011001001010100011011010010011101110110100100111010000100001001010101110001010110111100111001000100110100010000100000010111000111001011110110110101011111111001110110010010100111001110011011011000001101100111000001101111101010101001111011100100110000100110110001010100100011111011100111000011111010100111100010
01001100011111101100001101001110000100101101101001010011101011110110001000111000110011111010100011101011011000011001111000011011101011100001110100101000001011011100111100010100011111010101001110001001110001100100010101111111100010011110000110110100010111100011111111111110010011000010111000000111110011100001100000011000000011011001001111101011011111110011001001110
10011010011011011010111011111110000001011010010001000111001110001110000110000110011111100110001001111001001011011110110101101001110101001101100001001110000000000111110110110110011011100111110010100111011111110100010111010110010011101000001100001011000110100001000101010001001111010111111010100000010011110011101010000100001011000111111101111011111000001011001011100
01100010111001100100000101010111001000001011100000001011011001010001111101110110111100001111001000100111000010001000010110111100000000000111000000100010100111100101010101110100101100001001010000001001110111001101101011101101010001011000110100010001101100011001101111010111001100011100101001111101100011001100001100010000001100100101100000010110111011100000111000111
11011000100111000011101001111110110000000100111111000000001101010001111001001001000000011110000011100110011100001100011111001010001001111111010100000001101001101110000001010001100110100110110010011011001010101100011010110111111011111101100001001101101010111110111110001101011010000100000001111000100010011110101110001100100011001100110010011011100011111011101010011
00001111001001111001100110000000101110000100100100000110001110110000101000000011010001010001100100000000000111111100011001100111101001111000001111101001000111100000000000101111110000110001011100000001011001100000010110100101100101000011001000100001011100110111111101000110000101011001101100000001011100110001101011010011100101100001010000001100100100100111010011000
11011000111111100110010101100101011000100111110001000010101110010010000111100111110111110101010111110011010100110101101101101111010110111010110110110101010001010100001001101110111100011100010101010000100010000010111111000011010111011011010111010010000010001110000000001100000001101110110101101101010101001100000111100100111100011011010010100001101011111110100111011
00000011011100000100000101111101010111101000111110011101011001101100101001001111111101011100100101011011001101000011000110110101110111011011100010001001000101001000010010010001100110011000101110110111110101011001110111011011111110111011001111100100000011011111001010101001110010011000110000011001011110100111000001011110101111100100000001000101100110001010101011001
10001000101001000010100011100101100111101100010110001011100110000101111100101101010101100100110111111010011110000000100101000010111000011010011110110110001100001110000001110110001100100111101100000111110111111100010011010110010001111000111100011010010000001100011011001011100110011010001111011000101001101110001011010000010001000010111100010111110111010010111100100
11011110011101000111111011111010000100010001011011100001010000010000111110110100100101000000011101001101100100010001101100110000101011000110101001011100000100101100100110010100110001100101011110101110100010011000010001110110000110110000001101101011001110110100001100000110011100010001011101010111000010000110111011001100001101011111100110100101010011100110110000101
00110100011001010001010100011011000001000110000010100110001010010010111000001110101100101001101100001111000010110001111111100010010010000100110011010101111011110100110011101000110111010110101011000101000111110010100010100000001000011001101001001111100010110011110100000111111010001101110111011001010001111110010001110111110000000011101100001111100011010000110011000
00111101110001010000111001010001111100110101101010101101111000111101111010110111101000100100000001001100111000101010111001010110011011010100000001010011011001011101111110101011100100011000011001110000110110011011111001010001001110110010010000011011001001100011010100111010100110111110111110101010001001110100111010011001010101110000001111010000111111001011101000110
10110010100100100100101011010011000001010001110110111101000000100100110111100111110000100110010100111110100111001010101110000001011110011001110001110101001011001011101010000100100011111100010100001100010101010101010110001100010101100000000010011010111100011101101000000011101110000010011111101111011111010001101000101011000100010001001111010001011001100110100101000
10101011110111010101111100001000001100010111100111101100111100111111110100000010000100001101100000100111110101111000011111100010111010010000111000100011100100001111101101010001011101110000000101101001111011000100111101000000000101011001000101011001111001001100010000111010010110010011001111010100100100011010000001100101000010011000100100010010010110111010001110100
01010000110001110000110010110011010110000111110001100111000110100111110001111100011101101100001001100011111011110010110111000110111001111011100111010110010000100011111101011001100010000011000001000010010110110001000100100110111001100001100111111011000001010000111001100010101000000011001100001101000010011000100000100110111110001100011101010000110000011010110011111
01011011000001110111011100101100101011101010110011011111000101101111111111110110100100001011111101100010111010000101100100011000110110010100101111100000100100011111010110001111110011101101001000111010110011000000011001010001100010100100100111000000011010100001110001110010000110011001010100111000101101010001110111001110100101111111011110111111110001101001110011010
01101001110100100100000000101011001010011010011101100010010110011010010011101111000110100011110011111010011010100001001000100010001100011100001000011001011001001101100100111101010010111110110010111101010011010100001111000111110010000001110011100001011100010011010100100101110010011100010011001101011100101000111111111000110100100100011010100000011011010110110001111
00100010011001011010001001011111011111111001010111111101001111100001111010000011101101010100101101010000000111010111000000011110110110011110011001010010010001000000000010101000010101011001010000100011001010111100111101010000000101011001101101111111110011110011001110100011110001000011001010101010011101001011001101101011010001011100111010001011001010101010000100000
00100010001110100011101101010110001110010111000011001000111001111000011111011111000011001011100000001100111101110111011111101010101000110000001111000100001100011010000110100010001000110111101010011001010000100101111001001011101110100100011011110010001110110001011011011010011110000000000010010001011000110100100011100100110101101100110111010110011010010110010001110
11111001010110011100011100101111010001011111011010001111111010001111101110011101001111101110100101111100010000010010000110110000111100001110001100010101011101011001001100011010010110010101100111111100011001110110100111101010000011110110001110001011001101010101111011010101001100101110010100101111011011100001100111001111001110110000101100011111011011110101111111111
11011101111000111001110000100001001010010101010001100111111011111111000110110111111000001100010111001110111001000101110010000111010000111100010100011000101000110111101101100101100111100100110110110000100010001111010010100001011010000100100000100110000110111000100101101100000111011001011010011000110001110111001000111110100000110000000101011100010100110100010010111
00100011101011111100110101100000101100010101100001111000110100100101111011100000101111011110011101010101011000001101010001100100011110110011011001111011000011011110011010110000001001010111100010010000001011000011101010111011110110101101100101110100011110111100001001100110010010001101101100111111011101100111110100000010110111001111000011001011000000000100101110000
01011101011111001111111010110001011101011011110001111011001000101111100101101111111011001110100110010001100101110011001000101101110011110010011110100010100110010100100101001101100110010001001111001010110111101111001110011110111011001011100110001000001011110001101100110100001110001000011100001011010000100111110101000111111100110111111010010000111110010001010100111
10110001001010001111101010111001100010111001101010001100110101001101111101110000100000111101000000100010010110100101100110011101110000011100010110101111011111100100011110111001110111100000011010000110101011101110000011111000000110111100110001011001110101011011100011000000111010101011000000011000100000000111111001101001000000010111011001011101001011010110010001111
01010010110110110110100110110111000110011110011101001011010000111000011011101101000010001001001000100100000100011001001100101001001110001010101100111111000000101010111111101100110100111010011111001101100111110110110000010101110110111010111011110100100111101110000101101011100101011000000000101111111110001001001111110010111110101101100101110100010101011001000100111
11101010010010001011000001010000101010010011010001111111101001000100011110100111000101111111000010111000110010001100101100100001000110110111100100111000011111100101000000101001010101110000110110001110000101110000001011101111000110010110111010110111011111111010101001010000000010001100110000001100000011010011001011100000001010011111001001001010100000011011011100110
10011100110010001000101011001011011110100100010100011101010101100100111100001000010101001011111111110111010101001001110110001011110100001001001010011101001010001000011100111101111011001001011100111100011101100010011100111011001101111111101101111100011110101110010001101011010111110110100011011001111101010101100011110000001001101100000101011011010010000110100010111
01000111110111101011100101100111111000010111001110001101000111101110111010100000011100001011100100011100011101111011111001001111110100010110101111001010111101001010001110110010010001100010100000001011101100100100001010010000001001011100101001110011000001100101111110111001110011111110010111100100100100110011101000111011001110010010100010000010101110001110010011110
10110111111110010101110101101100011111011111100011001100000010011010010010110001001000001100110100001100100000011110010100100101110100100100111111101111110011001000111111111110000011010110110000001101000001001011111001000010001001100110011101010011010110110101010111011111110111000010011110100101100100110110101011101100100011100100111100000011111101001001111011111
01010111100011111001001110000101110000011001000100011101100111010010000001011001010011001111111010110000001010011000001110010111111111011111100100010110000001010011100100011010101111001101110011110001110000111011111001101100100001010000100111100010011000101101010110011111110111000001001110111111001110111011101100000010010011010010110010110000100101010000111100110
11100100000000101010000000011110111000111001001001111011101101100010011011010010111100000010111011011110010010110000001000111101100101011101101010111111101100110000010000000111111100000111011001100010010100101000100111001011010111000000010001100011000110001100010110111101110111001111001001101001111100111100101100010110111010000101011111010001110001001010101001001
00111101110100011100101000001000110110110111010110001011011101110011010111000011111111110111111001110011011110100101100000000101100001001010010000011011000110101010111001011010001001001010000110111000001000111101111110101011111110100101111100110111101111000100100111110110000110001110000011000011100001010111000011010011111110101011100010110010111010001010100101011
00110110110011111010011000110100011111010100110011010010101100111101110100010010111111101100100111111110001010001001101001110101100000100110010001010110101011011110111010010110001001101000110101111100110001011001001101010001011101011111110001001011101000100001100111111111111101101010101100110111100001000101110101111000001010111101100111000011010011000011101010001
00111000001100010101101010111101011110110000110011110110011000100110101011001111000100100011100100111000010110101010000110010110101111011111110110010100100011110100100101001100100000100111010010010001101100011110011111011001011001001011010010011101011010000111000111011000111101001011101111100101010110100001000010110111011100110010110110010010110001111100111100000
00100001001110010000101101101010111001100111111110001001111000110001000010010101010100110110100010100111010111100000000110000011011011011111001100111001110001110000110000011111100101001111101100100110000100111101110101111010011101011111011101101001100100111110001101001100001101111001000001110011111001100111011000100110010011100110110111000010001110111111010110001
00100011011010101100100001010111101111101111000100101010111011111011100011110110010101010001101110110111001110001011110100110000001100011000100100010001001000101001100100101011110011011001001011000010010010110101101111111000000101110000100111101110010010000100110000000100001010110010101111110101110001100100010100101100010110110100011111010110101111111010110111100
11001100111000010011110000010100010000000001110001110001101001100001010001101101101011100110101101111000001110000111010110101000010101001100011101100010110010001010000000111110001111110000100001100011010101101000011011111010101110011001000100101001111110101100011010001100100110110010100000000100110101001000111011000011101101000010001100010110101011110101010010111
00101111100100110000101100111001110111000000011110001101110101101011011111010101100110101000101010010011100100100000111110010010011110111011010000010110011001101110000111011101111101000110111100010011110000101101001000011110101000111110010011110111101110110011010101111110101000000001101011000000110101000100001110000001101001111100011001110011011101010100000100110
10001010001011101101000100111011111100110011111100100001001110101011100100011001100101000100100101011111000011010111011110001001111101001100001101011101110010111101111010011010110111100100011010011100001110001000110001101100101111100011010111010010100011111100111010101011011011100011010110110011000100101011110111010001110010110101110001111001111001011001100101110
00000111110010110110100011001110111100100001010000011011110000111101010001100001100010000010010011011110101010110011101110011000110010111110010000000111100101100011101001111010100111001001011110101000111101010010011011001101001100010101011100101011101011111010001101100101011011101110010100000010010110011000111110001010100010110001111111001011100011011000111000010
11010001100101111000111011000010101111100000101001110010100010111001101110101101010011000001110101110111101011110010101001110101000000101110000001101010010111000101001010001001010111110111011110010111010000000011001000000010111101101110001010111100010111000111001001010100001101101001111110101001001111011111000000011000111100011001111111001001101101100011100000110
00011001111100011011010100000101011101011001110010000000101101010100000101010101100010010000100011101000000010100000011011010011011011100001011010101011000100110111000111111000110000000001001111100011000100111111101101110101001000000011100111001010111111111100011001000101110101011010001110010000011011001110010101001101000000010101000101001110111111100010010011000
10111100101101010111111010100000011111101011110100011000001010011101101010010010001111001010101100101111100010011010110010000001101110001100101100100101011001001111100000001010101000001001001011000110000100100101001101000111100110100110010001000011101001110111101001011010010000000011100101001000010000100001010001001001010111111111011101100101101110100011110000011
10001011101101110000101110011011111111101101010111010010101101011010111110110110001111001110010010011000001101100100110000100001100011101101100101101010001110101111011110001010001110010011111011010000110101110101111111110100000000111100001101110001011100001111001001000110100101111111100000001100010010010001011101110010111110110000000110100111011101000100110110000
10010111110100001111011011010010111110101000110100001000111101010010000110011010101101111001101110011100100110101111100011101100010000010001000101100000111011000101111011011100100111010011110100101001011000110111010111100011000010001001101111011001011101001000100111111110010001100101010110110111010110001010100001010010000011000010011001101110001001000101101101100
01101001101101010010001111100000110010100101010001101001110001011000000000011110000011100011001001011110100011010001110000101011011010001111000100000000010001111111001101001111001100011000100000011111000110110101010010111000101011011100000110111001100001001101110111110111111111110100110101010011100011001101101010011010111010111010000101010111100100100110010100110
00001100010101001101111000100100011111111001111011001100001010011101010000000000010010010111011011001001000001010000101110111111100000000001010101011001000001001011110001001100011100000010001001110001111110101000001011111110100000100011100010111100101101010101110001000101000010101100100100010101101111110111000111011101110010011000010001010000000011100010111001111
01010111000111001100010011000110010010111101100110110001010011100011101111000100100010110101100100101111011001111100111001000001110100010111001101000011011110111001011101010111010111110110000111110110111101011111001000010010010110000010111001001101100011110000010101000101111100001011100100110111000010101000110010110000001101110000111001010001111110001111011000011
00010111100011001110011110011101111111010000110110111010000000010001011100101010111110011110111101100111001011101000011101001011000001101000011111101011110000000100011100011100100110100011110000010111010110111001010101001000010000011101101000011010000011000010110100101000111010100101110101001110101001111101111111111001000000101001011000101011110100011011001001100
10100101000100111011001101011011101000000110001000100010111101100001101010011101001111101100110011111001100111111100011011110011111011110000101110101010100110110010001011101101101001100110011010110011010111101110111010110101101111110011101110011100010010000111001111011011000010011010111001110001011101111010000110110010010001000001001110111011001110100001011110001
01111001010101111000110111001001000100001101000000001010111010101000111100110100100110001000011011011111110001000101000000101001101000001011001100011111011011010011010111100101000000001100011001101011010101010011011110110111111111011001001001001101110010111010111111111111010011001100110011000000101001100010101100011011010111010110010000001010001000101100000111001
11001110100011001101000111100101111100111111000001000100001010010100000101110010101101100111000010100100101111100110011011111100000110011111010101000001111110100111001011000110100011111101100011101011011100000101011110100000010001010010100100001000111010001000000010010001101100000101011111101111110100110000110011111001000011111010010001101111110111011110100101001
01000010101011010010110011100111100110011100101111001001110100100100111110111110000001010101001111100011110001010001111000010101101110011111111000010101101000110010110101100111000111000000101001110110100111111110100110011100010010110100100101001100000111010001000000001001101110001111001011110100111111101001111001110110110111000111000101010010000111110000001010011
11010011101100001000001011001010100101011100101001101010110110000000110010100010100011011101000111011111011101110110000100001000100001110011011100001100010111000010110100111111000011000010101000101011001011000000011010011101111111110110111100010100011101001111111111101110001001100001111110111101001010011010101111101100000010101100011000111110000100001001001000010
01010001010010000001010001100011101101100001101111010101000101110010000001001100000010101011110011001111100111000100100100010011100110110010110001001101001110000110111111100110000111010011110010101101111010101101011000001011100111010000101000000110110110100101000101000101011010011110100111000110000110001111110010000100100010000110110000001011100001001100000100100
11001110011110110110110101100001100001101000010100001100001111110110011110111100101110111011011101110111100001011001011011001111110000011101010000001001011001000111111000110000110100001010011111111110101000001100100111010111001011001011101101111111000101011110111100111111000111011110111111001001110010100111110101110111110010001100000011100100100000100100001100010
11001100011110001001110011111001101011100011011110100111000100000011110001100110111000101000100111110110101100000111110100100101100101110000110001101000010101111010001010000001101100100001011000010011000010111110110000100110101001111001110001110000100000011100101101101000100100011010101000111010100001010000010001111110101100111111100100001101110001011111001001001
01011110111101001110110110010101011110001101110101011110000101110110010001001000010000111001111101111101101010111100100000110011100010000110110110011010110101001000110001110011000010001000000110000001110000111110000110101011000100110001110110101001010111101001101111100001011110101101011110110110001101001111111010000101010001010110110001110011100010100110000100011
00111010101100010111111110100101010011100111011111011010011100001000011010011111001101010110110101101001000011010101000101010111111101000010110111110011100000001101011110001011110011101010101001000101001011000010101110100001100101110111101001100011101100101001101110110111001011111101011001000111010000010110111101100011100100111000101101100110001001001111101110100
00101011010000110010000100111001001000011011101000011110011011000001100100101000100100111010101000000110101001101101011011000010000101010111010101010000010000000011111011110110100100110101111111011001101111011001000000101110011101001111101110101010101111110100100101110001111001101001101100100100010000010001000001010101110010101010001100011101110111101010010111100
01110111000100100111000011110000101111111101010001110000101000110000100110011011011011100010001100100111011010101100100100111001111001010100100110010010000111101100011001101001101110111100100001100110000010000001100111100011010111110110010011101000111001110001111101110111111000000000111000111111110011010001010110100011101100011001001101111100111100010001010101010
11001100011110101100010010010101010000010111110110011001101110010100100111010101001101000011101000101001110000001100100110100011101011111011100011011111010001111001111000111011100001000110110010111011001110111001000101110110011000000101101110111011110100101101001001000010101100111011110101101011110011000110011011001000000001001110111110101011101111010110111011110
00010010011111111110111001011101100100111000110100110101100010110001011010011001100000100101001000011010111110110011001101111011110000011111000010101011111101111100101111111110010100100011100111011010010111100101111101110100111101101101010101001000011110101010010011110100111000000101101011001001011001001101001000101101011110101010000010110001011000111010100000001
11100101110010010111100001101111111111110100000010110010011000110111110101100011111110011111100000010110001001101110000001001110101000100001010111010111110111100101001001100011101001011011110100111001111001000111001001100001110000101111110110101100010100000000001011111100111000001001111101001010110111011101011100010111110101011001001011011100100101100000111111111
00101100111101101101010011000101011100001101111000001101011110111000110100101001010000111100110110000101110110010001010100011010000000010101100110110111110011011110111000011001101001101011111010111111001101101110111001010100111101011010000011111010111000011001100011100001000111100110010111000001101110110011000000111000000111000001100100010110111000101010010101000
11100100100011001110111001011110000101010110110110110010011101000000000101000100100110111110100100000110001001011101001000110001001111000011101011011110110110010011001101101011110000100110100001110010100010100111110110010010101101010110101110101011011000011000101111011010001111011100001110110001100100100000111101101001010000010100100000001111101000011010101110100
01101011001010001101001110101011010100110100000101001110010010010000110000100111100110000000010111110000110111101001110110011101110110011100011100110011010100110111110110101111000110010010101110010111100101001001001000100010001101011001100111101010101010001011000011101110001011001010100100101011111101000100000101011101011010011011100010001100000010100000110111001
11010001010111011101001111000100011010000100001110110000101100001101001001001100011100111101110100111110011101001110111010011001101110101000011110111100010001100010101001111110110100101011000000100101001111101111010010110000100100100101101100010011001100101011101001110000101101011100010001101011100000100110011111010011000101101111010000010111001010111011000010000
11110000100101101111101101110110110001110011000101010110101111110011010110110101111110011001010100001110111010101011101110001000011011011101000001111101110111100011000111111101001010100001110110101010111100101010010011010000111111110101001011010100001000111010101100011100000001100100100000110010011011110100010100110101011011111101001100011011011000010100000000000
00011000001100101010000100111100000101101010101010100111100010010010101001101001010001100001010010000101110111011011001100000011110000011110000100011000101110010000100100111010101110100101100110000011001111001000100000101000101001100100011110011010011001111000100001000001100000000100110011111100111000001011010111111101011011110101111000100100010110100111101001011
00100111001010100011010010110101100100100111001011111101010111100100000110000100000001001011100101000111010100011100111011000111100100000000111110110110101001100000111101010001011111011101011110001100111011010011111111100011011001010111000100111010110011101010000010100101101000011011000000011101011000001010010101101110111000011101101110101111000110011001110010000
01110001011000010101101100010110111101001000000000011100010000010100010111010101111100110100100110010111011111010101101111110001111100101000010000001001111010000100100100011100111111110010101101001011001001100010101011110000011100010011011101110000110111110011001011111110111110011000001011111011110011110111000001110001100100010101000000110110011000000010100110100
00100111101010111011000100000001010101100010001011001111000001001110101000111001111110101111111011111101000111110001001111101001110000001011111110101110011001101101101110100101000010110110010101010110101000000010000101110000100000100000010110001100100010101111001110101011000010100010111111100100010011001111110001110101111000010011001100110101011000100000111011100
10100011001111000101101110101101110100110100010100111110101111011110101101001111100100101111001000000100011101001010001111000101100100010110010100101011011110011000001011110101001001110110101000110010010100111010111000111110111000111111001100110011000100100100100011101111010100100101000000010010010000011010111100000110010010000111111000010111000001110101011011001
11100000000111010111100000001101111111010110011101101100000111011100001110000000000011011110010101110100100111110010101110011111101110111111011110100110011110101001101010110110101000101001011010001110110100111001111001011001011101101000001110010100101000100110100011000011100000011111101011111010010101010001010100001101001101010110000001101100011100001001011101110
00111111100011101001111000111001000010000001000011001011001101010101000010111111010010010001101010101101011010001100110101110111000001000001011000110111000111000100000101100111000110111000001010110100101110001001001011101001111000111011110001010001111001001111101110100111001000110101000000001001111110100001000000011111010000100010001101010110010001001110101010000
10011000111001011001101111001011111010111101011000111110100010001101110001110001000111000111000101110101111110101010111110011101110000011100111011100100010100011111001111001110101101110010110010010001011001111010101001100111011011000011101011011111001100010100010010111010011111000001000101001110101101111110111100100100000011111110001011010111011110000111111001100
00100110010111100110101111000100110110010001100000000011110011100110000100000010011100111101110000111010010101000110100001101110110011111001111101100101111001000111001011011101001111010100100001111111100110010000111011011010111000101110001111101111111101010101110100100000110011100110011111110111101100110111001001011111000110000000101011001010000111111111000010111
11101110001110010111010001000101110000010100101001110010111100111001000100100011000001010001001001001101110011111010110110100001101100111001001001010011011010001111011110101001100101110001000001101001000110011111111111100111110110110101100110101111110010000000101110111001011101101101001101011111111000100010000011100001010000100010110111110011011001010011101100001
00010110000111000001000001000000000101111000000111000001100111000011111111010001000000111000101000101100000001100110110010110100111101010100001000010000010100110011101011001011011010100100010011101110001101011110100000000000111011000110101000010101110111110100111001011111000101011110111010100111101001101011010111001000110100101101011011100111100000111101001110111
00110110100111110101001100010010101001110101111011011110110010100111110011000010000011111111010000111000011011001001001100101101100000010010001111101011010110101100000101101100110010000000010010111000010010000001000110000001101001011001011000100100100100111100111100010010010011011101101000110001101100111000111010010101011100111011010101000100000010011001110100101
00101001010011101010100110000111111101010000111011011010110110010111000110101111010110101110100011100110000101110010101000001010011111110101011010010010011100010010010111110100011000101011110001010010111000001111001101101001001000011101010110010010011001110010011101111010010010001100111000100111001110000100100110001110101001100011101101001010011000111001001110100
00011100011010101000111101101001100100110111001011111101111011100001011010100101101011010110110100111001110111100100010101011100111111101100100011000111101110001011000110001001011001100010110110010011000001110011110101100110000110000011110110101100110101010110111111101010001100000100111101101111110111110101101111001001011101100100110010010001001000111101111000111
10011111000110011110110011100011011111100000011100101011000100010101001010101110110000010000000001000101001110000110101111010110101110001100110000001001010110101000111000001010001000100010001111010010100111111111011011001101010000110111000110110011010111011010010011010100100100011100010110111110001000111000111000000110001000010101001001101111011010010000010001100
11111001001000001011001111010001001100110110110111011001001110100010111110010110111000010010110011110000011001001010101100011101110010001101100100000000010100101001111011111110011101101111100110100011011010011110011010000001110000001010001010101111011100001111010101101100011000111111100010000100011010001100110101111000001110010011101011011110100101010101110100001
00010010100101001101010111000010000000010101000001100001011110100001100100000011101110000011100100000100010111010110101001011111100101010011011001011111110111101111010001111100001010001000111100101101110011101010000110111010001100110110101011011100111010111101001011011011101100100111000110100110001100000010011010110100111100011000011010001110111000010001000110100
11001111100111000110010011000100111010001000110000000011111000001100111100100101111011011100011100111110100111111110100000101010100110000000010100010110100111100001111100010011000110111111101101011100101010110100000011100000000100011101111100011011011110001001000101111001101101111000000100001101001100101101000110011110101101110100110100111001111111011111101110100
01110100000111011010011100001011110010010110111110100111010000100011101010011000101001010011011110010010001001000101010001010011001011000101011001110001010001011001110110001101101101001001000111000101110101101011001011011010011100101101100110100101111001010010100001011000110101001010101010010010010001100100011111001001101010111100001001010001001110110011010011011
00110100110010110011101110011111011010100001101001011110100001010100011011001010111101101010000101110000111100110101010011001101001110001101101100101110100101011101001100000011010011011011000001010001001100010010001001001000011101001111110000001011111010001000101001100110100000101111011110001111100010101110100011001011001001110000101010111000110011111001011000101
01101001010001000000000111010101010011101110100011100011110111111000010000110101000000101100001010000010010110110101110110110101010011001011110000000100101000100001000000010110010000001010011111100001100111100111010010101110011110011011000011001110010111111000110000001111111011010000000001101110101000100011011111100000000110010100000001101000010010100010011001001
00111011000100111011000000000001010010000100101100010000000101101010110001000010011000111000000000101101100011111111001001010111010010101011010001111100011111110110100010010010110110110111111000010101000010101000101010110000101111001000110010001010011100100010001010101111101100110011011011010001111000011100001100001000011011000101110101011101110101111110000101100
00110100011101010110010011111011101101000011100101000011011001001001011111101111110011110111111111110100001111011001111110010000011101010111001001110001001000110111111001010110101000010010111101010000111111011110110111011010100110101010011111101010100100011101001001100001011111100101011111101111101010111001100111011011110011111100101010101011101010000111001111010
01011011010000000101011011110110101101111010000011111100011011110010001010001011101010110101110110110100110111001100010100000101000111000110111100100001000010001100100110100110111001001101010101001110001010110110000001100110001111110011010110001001000111000000010100000110101101010010110100101101011011100111000000101100011101010101010100011000110001101111000111110
00001101001111011101101000100110010110101111001110010001110100100011100101110101110110101000011110100000110110111100111100010001100110010000101011110001010000110001011101011010010111001011101011010100100101111111000010100110101100111000110101010010001101001100101111000101111000110011010110111100011000000001110101001010110011001101111001001111010111010001111000011
10111000011010001010010001000100000100000111000001011010000010001001000010101101100000010101000000111000100100110010111000010000100100011111101000110101100010101100010101110101100010110101010101111000101111000010111010110001100101001111000111110101000010001001010101010000110111010010101011011111011001011101100101111101101110000000100011001111000011010011001011111
10100111011100011011101100101011000010000111011000111010000011001010001111100011100111110100100001000100110001101111101011010000001111000000110110010001111110111011000110110011000010101010010011000000001001101000011100111110111111001000101010011010100110111101000010100000111111100110111011101010101101110101101110100100011101101000100110010110110011110111110101000
01101100010100011101110001110011000000101010000100000001001100111101111010010101011000010010101000010111100001000000100010110100001100110100101011110011100001000011111001110011111000101001001001110101011000100010101101111010000101110100101110101101100000111000110100100001001100011011000110010100010111000010110100111000110100111010101001000000001010110100010011001
11000011111101100101101100001011010001011110111011011111001101011011101001010001100110001101001100100000110011101100010001010010100010011100011110010011001001111110111101110010010010111010001000000010000110110000110011010010011011001011110010111101011110100110001000011010011111110101100001010010010010010110011100111101111000100000000101011100101000001000000001011
11111110101111101000010001110111010011100111000010101111000111011101101010011110011001101000000001100101110111100010000111111001000111010111111001111100110000100101001110000001111011010011001011010010011101001011011101001001010001111001101110010100111101111000101100100100100111000100011010100110110000100100001111101011111111111111110011010111110101110011110110110
01011111111010110011111010010100000010100101100010110010101111101100001111101101100011011101101011100111000110010100010011000110101000001110101101101111101111111100100111010101111101110100101000001011100111111010110001100010010010010110010011111000010100111011110010111111010011000000100010111010001000111011101100100011000111110011101100001010100100110011000110100
11010100010010001101000001111101010101001000110000011101011111100001101000110101100001111100011011100101001111001010110010101100011111111111011100010101010111110101111110111001110011011001100010001101001111101100101000000001110010100111000001011010111010110010110100000000011010001101100010101110000101010000010001100110100011110110011010101110001000010001001000010
11000110011101100111100000000110110110111111001101011101011010100100100101010111011111101001001101001010111001001011110001011000110011111111101001110010100100010101000100100111110011001111000110101011101100101000010111111000110101011011011000011000000101010001000001101001111000001101100110000000011110111010010100001011100001010011101011111011110110100011100111000
00001101010101100111111110110000010011010111011011101001001010000001110001001100100110001011100110101111010101010001111100011101011111101010110111111110110000011010001010011000100010111100010000100111001110001000101100111001000011011111111110100100001010011001100101100000101001100001011111000100010101011000100010110011110101011010110101100000001001100111100111011
10001101101001100111110111010010111110101100011101100101100100000101011110011000000111101010001001001111101111001100001111100010001010000100000101110101110011000100100110101110101001000010111111001001100111101000000111110001111001001100101100101110001101101111100010000001111010110001100000010001111110110001111010001100010001110011111010101100101100010111011100011
01110110110101101111111011000100100100100100011010000100000101111000001111010111011101011001100110010000000001010000011001010110100101110101001111110001010001100110010011110110011100101100011001110101000101000000111100011100000001010001001011001101010111010010001000010000111001101010011101110011100000010100100101111000100110001100110000101001001011101001111001110
11100000110011100110011000100011111111101100111101100110111100010000000101001101001111111001010101010011001000110100111101011110000001101011101000110010001101010111100001001101000000011100010010000100010101111100110000111000100100111000011101010101010000110110001010110110001101100011010011000010101101001100100010001111000000000000110011100000101010100011000011000
01101010101101011110101111011000011100110001111101100011011111101110100010010010000111100101010010001110011110011100100000100010100011010100111000110111110011001010101111110011101001000111111100111101100100110100110101001101011000001000010110001000000111110100010100100100010100010001001100010011010011010110101100000110000100110000100110010000000110000010011010110
01101011100010111010011000111101111010000011010010111101111110111100101100011010001110000000110001000010001101111011011100111111111011110100101000000010011101110111010001010010001100100010010100110011001010011111001101001001111100000010111001000110110001100000001100010101101010111111101110101011000111110111010110000110111100000101111011100001111000001111001110100
11110011100000001110110111110111110111011100011011101101001011011011100110010000000100011011011000010000111110000011110101000101010000101011010111001011111010100111101110101011010101101000011001011011101111011000000001110001001011111101110100110100000011001100010100110010001001001000001011100111100100101100010101110000101000111101000001010010001000110100100111100
11011111000111010110010011000011011100011110110000101100000010101010111000011001100011001111100001000111000101011100101011000100000100001000010110001001111110001101001000011111110101110111011101000100000001110011111100010111001001111011101110101100000010000110010101010001011000000111000111000101011100011000000111101010111010100011000000100010001010011111001011001
01000011000000000100011000000001000101000011100011101001001100111101100001010011001111010111011001110101111110010011000110001000111110001011101011010000001001111100100011000100001101100001010001110011101100000011010100000101010100001001101110111010111001110001111000010010100001001100010110001101111011101011000101101110100000001110110110010110100010110000011001101
00011010010110111100001110110011100000001110100100101110110110001010011010010010111110101011010110010011010000010111000100010000001010101100001101011010111010010010011111101101000111100101010101100010110100100101001000001011001011100110100010001100011001000011001110000011111011110100001001101101010001101100111111010100110100000010000010000100000000100101000100001
10001101000111100010110010100001011111001100110111010100100001011111111101011111101000011100110101010000010100100011010100110101111110000111000101100010010010001111100011101000110110010111100001110000000001101011110011110110001101100001010001010110010011101000000111000010100001000001000010110001000100100011100010000101010100110110110101101100001100010011101101111
01010001001011010011100101100111111101110110100111111101110110101001001101000010000110101111011100100010001010010110110010000000100110110100011011101011100101000110111000100000000000100011011111101001000000001100010000101111001111011000111000010000110011010101001111111111110111011100111110010011010111001111110101101001101010110110000100000011010010010100111110101
11001001000110101000101010101000001011100111011111111000111101101111111110101010110010100111010011000111110101100101011100111010000111110011001100001101000010100000000111001111111011101100101110100011000110000100111011100011110011111010110101011000001001001110111000011010101011010001011110111111011010000110111001000111001111110110001101011010001011011001000010000
10111011110000110000000000111110111010110101111000110000111000010100100001011001101100010100111011100011011111111111010101111100000100100000011001010011000111101011001100101101100100010000101101110001011110011000101001100000101111010011110000001110010001001001110110011111010101111111001011000110101101110111101011010101000011111010011100000001011110110100011100101
00101101110000101100101100000010111101000000000100011010101101101101000011100101110100001011101101101110100000101000110111100111111101010101100101010010100111101101111110101100011111110111010010110000110000011001011100110100011000011100111100011100000010100110110111100000111111111110010101001111010000101011000010110010101001110010000000100011100110001101100010000
00100001000111100111011001111101111101001000100100101001011101000011111110010000110011010111000111100100011101110011101101000000000101110100011001100010000111000101000101010011101001010110101101011001111001101101010100101001010100111110000001110000101000100101111100001001111001101110001001101010000010011101111001110100010000110110001010000001010010100001011101010
11110001001100100000111100011101101000011000100101010000010101100001101101110011110110101101010011011001111011000101001001000010001010011010001011110010010010011101001010000011001101001110111001010010011010111001001101101001111010001101001101111100011010111111100100000001000110110111110001001111110011011010111101011101011011000001111111001010000010101000100110010
01100110100101011111101111101100011111100010001000000100010101000001010001110001000100111101101101111100101010001001111001001111000001001100111110111101110111000000011110010101101001010001100000011000001010100111010000001001111111010100010101010011011011011101001010101001101100100011010000010101010011010000111101110111001100010101101010001101010101101010100111110
01111101100101001001011001100101111001011000100001111111010100100011001001011111101000101100111000010011011000100000000001001100011100110011110000101111110100001010100001110001000110110001100111111101111011110000011010111001010011100001011101000011111100111001111010010001100100001000110110001000001111100000001100011110100010100111001111010011101110001001001100110
00001101011001100110111010101100100100110100011000000111100111100101110101010101101100110000001011011111010111111110110101001001010110001011100000100011110100000100110101100100001011111100010101100000000010100110010010101101111111110110100101000010000100100100011000011111110111011001001110001010100111100111100001110010000100001101011111110111000000101001111101010
00111110000100101100101001001111001000111001111110000010110111010110000110110011110101110110111100010011111101000100110001001101101000111111100101100000100101100100000010110110010101101001110000000010111101011100111000001110101011111100001010101100011111010011000010001101110101010101101111011001011101110101001010001001010111100010001100110110001010011001000100101
00100111100000100100100111110000011011111100000001001110110111011110100100001101101010000110111111111011101000111101101001111100001110000011011010100101111011101010010110010011011001110111110100100001100011010001110111010101010010101001010110010111110000000110000110101101101000010111100100111111111100000000001100101000110000011110101110100111100010101000011111001
00010001010101011001111111001100000110101010011100110110111000011111011000100101111110111110111100011001010101110111110101000110111001000010011100110100101101001000010100010110000011100100100111011010010000000111000010000101011100111010001110110101111111010111011100011000000110111010001011000000011001010000101000000000100101100111111000000001011011011011111100010
11011010000111001100101011110001000100010111010001110111110110111111000010110101010011110110110101101011001100101010001111101101101111001101100000000001000100101100010100110101110100110101011010100011111110001101111100101011100011110000100110001101011000000010111001001011111001001110011111001011110000001101101110100001111110101010100011110101110100001100011101111
00110101011000111001010011011100110000000010100000100101010001010110101101100010101010010000010010101100010001100110110010010000101111001011011111101011011011001010100111011001110110101101111010011110000111001011100001011100111110101110100100110111011010111000101010110101101000100001111011111000111001000011100101011100000110010111010010010111000111110111010001100
01011001000110111000010101100100100000100000000010011110001110010100000110000010110010110001000110110010100110111101000100011110101000110001001111001010011111110011000000111001001010010100000110111101011111100001110100101010010010100101111010000100111011111100111110100110000111101010011010111000101101110110011000110111100001100011111010010101101011111011111001000
00111100101010000011000011111101110001000111110100011100110000011110010111001101010101110111100011101100100011100111101101111011011000101010001000010101110010110100101010110010101100000000111110001110011111110111001001101000000011011001100001111000110111010001011100000000011011011111010010001001110101001001101010000001011110110000011001111100001101100001111001100
01110100001001101111110101001110110111101111010000010000000011100100001100101011101011111111110000100011010101000110101011101010110001100010100111000110010101101101000000111101000100111001111111011011110111110100000000111000100010110111100111100000010100110000010100010001101101010010100011011111000011011000110111100111011101011100111000100010000101001110001011000
01000011101111100001000111110001001000101011011000101000011100111110100101111001001010000111000001101000010001001011010110001010001101001111000001011110000111001010100110101001001111110101001101111011101111001001000100100101011010010011000100010110011111110000110010111111000001011101000110100011110001010101001101111100010101011111011110100110101010010100111110100
11010110100001011111011011011110110000010100101011111110001100110111110001100111100001111011001001011110100011010010000001100100110001111100111000110000011001011011111010101111011011111001100111001011010000101000110100110101000011110111001100100110111111011100011110011100000110010001100110000011000100101001110011010010010011011101110100011100100110010101111101111
10100110011101000110001001110001001000111010001100101000110101000110010110111000100100010100010011110000011011110101101100010111101001010001010100100010011000100101101111000011011011000111110010100001101010010000110101111110001111100100001001111001110110001011111011101111101100111111010010101101110101111101111100101101011000110001011010000000001001010100010111000
10001110000111011110111100111001011110011011101001011101100000011100100001100001010010000100101001101111010010111010101000010111100110001011010100010001011111111110011111110110000000111000001111010001111011010011110100011010111110010111100011010100111011100110110011011011101011010101010111000101000010000111110101111011000000100100011011101010111100010011110111000
10001101110000111110100011001001011100010111011011101001001010111011101001101000011010111010110000111010011000101011000111111100100100101100010001011111101111011010111011010001110001101011100100000000010010111111101100110001100100100001001000110011010100101101000001111010011111111000010000010111100101111111101010101101101001100010100010110000111100001000010101011
11110110101010111110000000001111010110100011110110110111100001111011010101000100001100111010010010111010000010000110011110000010010000111110100011000100100001011110001011011100010100111110111111001011101111110011001001011101010111111111010111100000100010011100111011011001110000001101001101101100001000001011000001000001000100001001111111010110111011100101001010001
00000011001000011010010111010111110000010101111110110101111110000101011100001111001111011001001101001111101101000110100110111100110100101100010010101000110100110110101110010001010010101110100001001101001011100100000000111000000000111001010111100111111111001010000010111101000001110110110001101011111011011011000011010110101110000110010101101010000011110000110010110
00111000111111100101010001011100001110100000000000001001001110001011111110001111101101010001101010110111011110110110100110001110011101001110011100010111110011110001011111110000011011001011100011001010101010000101011010100010000111110111001010110101010100011011101101110100111001111001111001111000010101011011010010010011001000010011011111111100011110101000001000010
10000010110001110001011011110000101001000110110011010100101010110000000101110010001011100100100011000100110001000111011001011110110000110000110101011110111101101111101010000110011010010101100011110000010001110001000101010000110011111110010100011011001111011110101101000101001111111110111110000001010101111110110000101111001100100000000011110000010100011001011010011
00000100110100101100100101101101111010110100100001010011110010001011011011001011110010110011101001010110110010110010110001011000101100110101000111011011011010100111000100011110100000101111100110010010001100101011100000000000100111111000111101100001101010010000110101000011000001110000010101101110010110000011111101010001001001010101100110000001100010001101111100001
01011000111111010010101001010000001111001000101000001001010111101101111100110010110010011000101010110111110101101110001011110000000000011011010010110010100000101011101000001110110111000001011001101011011011000010000100110110001011010011111111111100001000111001110001011110101111010011111111011010000011010110101111110010111011100111011001001101001000101011001001110
11011110010000110100000110100011011000110110111000000110110011001110000111110100110010101010111110011111111111001110010100100101110100110010010010100101111011010000111100000110111100101001111111111001101101100110110110011111101000001100100010011001010001010111101010011001101110100110110010111010011101000000110110010011010010110110100000100110001001100111010010100
10111100101001010001100000011010110001000101111110001100110001110101001111111011000001110001001110010100111000011000100110011001000011000011011101110010100010000010110001010110001010000001001100101101100111111101011100011101000001100001100011100101001110000010010100101111101011101000011010010111100110001110101010100100011100010011111000111101100010011100001101110
10110111110011011011000001101010101100011010011110100011010000011111100011001001010001100100111000100000100110110100010011111100101111100000000011011101000110000011110100110010000111111111110101101011000001000111100011010110010111111010110100001010111001110110010101101100111101001011010001111111001010000110010110010110110111000110001111100010100101101001010110000
