299 28 2764
1010010110000111101010000000
0000011100111000101001000100
1000100100000000101101101111
1101001100001000100101001100
0110000001111011110010000101
0000000110100001000000000000
1000100001001011110100101000
0001001010101000000000010000
0001000001011000101010010010
0001110101011100010100100000
1100000101100000010010100001
0000010010000110000010001100
1000000000011001100011000010
0001000001100010000011010000
0010100100000001000110101000
0100001110100000001010110110
0000010000000100000000000010
0011001110011010100010110000
1100100010000000011000101010
0001000011000000110011000100
1000100001010000111100001011
0110100011110001010100100010
0010010000000000100110101100
0110001000101011000111010101
0100000001010001100000000010
1000000011001110110000010010
1010000110001000111000100000
0010000001011001110000000110
0111010110010000011100000000
0101010110111000011001000001
0000100001000000001111010110
0001101000110110100001010000
0001000001000000110000010000
0010100111101100001100000010
0001000000010001000001100000
0000111100010100000001000000
0100000111010000001000010000
0111110001010100000101111001
0011010000010101100100000000
0001001000101000001001100111
1000000000000001101000011110
1000011000100011000011011100
1001100110010000000101001101
0101111010010010011100110000
0000101010000000001000001101
0000010010000010110001101101
0100000000000001111001101001
0110000010010100001000000000
0000111100011111000111001010
0100100101101000000100100100
0000001110001001000000101100
0000000000010000010100101010
1110010110011000001000110010
0000100111010001100010000010
0000000100000000000000011000
1010000000000011011001100010
0000000011100001100100011000
1011101000100110101100111001
0111010010000001101100001010
0000110110010011101000011000
0100000000100100011010000111
0001001100000010001000000001
0001100100111101001011100000
0010110110100010010000010101
0010000100010011100001000010
0000000000101000000101010010
0000100000110011010111010000
1110000000110010001010100000
0000000100000110000111100101
0100100000010010000001000010
1011100000010000100110000110
0001001000011010001000000001
0000011010000000001000011110
0011001010100000100001000100
0000100100111110000011100011
0011000011001000010011000000
1011011010010000100111000010
0100000100000110011101000101
1000000000010010100000001100
0010000000001000001110110010
0100101000101001000101001010
0111000011101001100000100011
0100011001100010000000100001
1010110010000101000010000101
1001001010000100000001111100
1100011001000000010001000010
1000011110001001011101011101
1100101001000001110001010000
0100011010000000111011110100
0001001000010001110101000101
0100010100001110000011101110
0000101000101000101001010101
0001110000001111100110001111
0000000000000101001101000000
0011000001010110000100100010
1000010010111010000101000010
1011000000110001000010100100
1100100100010000100110000111
0101011000000010000000000000
0001000100001000001010001001
0011000000000100001000001100
0111110110110000010010100110
1100000000010001110101000010
1010011001000110011000000010
0000000001110000010110101001
0000011111010000100010000110
0110000100000000000000001001
0111000000001100011000001100
0010001100000000001001110001
0001000101001001100101101100
0000000011100000000001000100
0100000000010100000000110110
0100000000011000101000001111
1000000001110000100110000000
0100000100100000110001010000
1110100000011100111010000011
0101001101000000000000000000
1010000000010010000100010001
1100010110001100010000001000
1011101100000001101000000001
0010100010000000000101100000
0100001110010001001110100001
1010100001010011000100000010
1100000001001000011010001001
0110001000000011001001001110
1001100001000000011000000001
0000011000000001101110011110
0000100010000000011101001100
0010000001000011000000010000
0001001000101000011000000010
0000000101001001110000011101
0000001001010001001000100001
0000011010111000100000011000
0010000100100001101010000000
1000100001100000000100000110
0101110011000001000010101000
1101100110001110000010100000
0011000000000011000000101000
0100001000010101001000110010
1101101110001001101110000010
0010000001000010000010100111
0100000000010001101100000000
0111000001100100100000000110
0010000000110010010000000000
0110000101100001010010000000
1011111011000001100000101001
1101000100000111000100110010
0010000100000011001000100010
0000110010011110010111000110
1101100000001010110000001000
0100000010000101000001000101
0000001111001010000001010001
0001001001001100100000100101
1100011101001110010000011100
0101010011100001010001100100
0001000101001001111100000101
0011000011100010011001100100
0101111010100110100000011110
1010001101111101001011001010
0101000000000010000010000000
0000001000110110000001110010
0100000111110001000100101001
0000001000011000100010000010
1000001001001010100000000100
1000101000010000101010000000
1000100111000010000000001001
0011000001010100010101010010
0000100101100001001010010110
1011000010011000110001000001
0001110101101010000001000010
0000101101000000111100101100
1001001000110110110010110000
0101100010000001010110001010
0000000010100011000100010100
0010101000001111010100010000
0011010101001010000010010000
0000000110000010110011110000
1101100111100001110010001000
0000011010010001000000001010
0100011110000001000110101110
1000000011000001111001111111
1010000000000001110000011111
0110100110000010010001110011
1000000000100100100101011010
0000110001110000000111111000
1001001010000011000001001010
1000101001100000000000000010
0100000000001001000000111000
0000100101001001100000001111
1001111001100010000111000000
0010000100110000011011010110
1100011000010000010001101000
1000011000100001011001000110
1100001001001101100001010000
0100000010010100000010100100
0101010000010010000000001011
0000000100100100001000010001
0110000011000000000000100000
0000000000101100000111000001
1101000101100100011101001010
0101011011110110010101011110
0010100100100000100111001000
1011110100100001010111000011
1000000011000000111010000000
1001110110011111000101001011
1000110100100001001010101010
1001001000000000101100000100
0001000001101000000001000100
0000000000010000111010010110
0011100101000001111000000010
1001000010001010001001010100
0110110001001000100011000111
1100001010000000010011000001
0000000101001001000000100000
0010000000010010000100011000
0101000000000001010100000010
1000001011010100001000110000
0001100000000000110000100101
0110101000011110000000001111
0100000010000000101000010000
0111100010001011001101000010
1000001000011000000010000100
0000101000000000000100000000
0010000101100000101110001011
0101010100001110100001100001
0000100101000100100001111000
0001110010100000110000011010
0100001011100101001111000101
1100010011100110100100010000
0010110010000011000010000111
0010100111000010001001000111
0100111000000001101101100011
0000100000011000110010010100
1000100001000000010110000100
1000000010010101001110010010
0000100000000000101001000001
1101100100000000000100111111
0010001111001001000101000010
1100010101001100001000000001
0001110111100010010111001001
1010101100111111000001001010
1000111001000000100110011000
0111010010000000001001110011
0001000110001000101001010100
0100001001000000010100101011
1000000010001001010001000110
1100010001101010011100010010
0001000100011011010000001011
0111000000101101000010010011
1001010100100010001111000101
0101010010010001100001010100
1000000100000000000100110001
0110001000111100010000101000
1000001010000101111000000010
0001000000110000111100100010
0101000000101000000000110001
0100000010100000001001000000
0101001000011001110011001000
0000100000100000000100000001
1000010000010101100010000110
0000110010110000000000010100
1000001110111100000010100010
1010101110001001001001101000
1101001000000011010010001101
0000010100000011000000010010
0000101010001001000010100000
1010100001111011000000101001
0100100010000000010011000100
1011000001100000000101000111
1100010010000000001111001111
1000011001100100100010000000
0011100100011000011100100000
0110011011000001000011100001
1000101101000111101100000001
1000011000001100000000000011
1110001000000101001101111001
0001000100100001000010010110
1001110101011100100010101101
1000001011100100001000000000
0100000001100000110010011100
0100001111000110100101010000
0010010010010001010110000000
0001000100010000100001100011
0011010100000000000100010001
0110010000000011110100101000
0010100000110000100111001100
0100111100000010100101000001
0000100010110000001000010000
0001011001100000010100000100
0011101011000011011100000111
1000000010001010010000000000
0000001000010000010011110110
1100010001000000001101000000
1100110000100100000000001011
0100001101010000101010000110
0100001000010100011000000011
1000101011100000010110011101
0000000000101010000011000110
0100101001000001100000100011
