114 7 247
0010010
0001100
0000000
1100100
1100000
1000001
1000101
0100100
0010000
0010000
0000000
0011110
1101100
0101010
0110110
0100000
0010011
0000000
0000010
0011101
0000011
0000000
0000010
1000010
0000100
1000000
1111111
1100001
0000110
0010000
1000011
0100000
1001000
0001010
0010001
1100001
1000010
1000010
1111010
0011001
0001000
0000000
0111010
0000111
1000000
0000010
1000001
1100001
1100001
0000010
0010000
0001000
1100000
1001111
0011000
1010100
0110000
0100100
0010010
1011000
1101100
1000010
0010100
0101001
0001010
1000010
0001000
1010000
0100000
0100100
1000000
0100000
1111100
1010001
0100000
0100000
0010001
0000110
0110110
0110000
1010110
0010001
0101000
0000011
1000000
0000100
0100110
1000001
0000100
0011000
1101100
0100000
1000000
0001010
1010011
1010010
0010101
0100001
0001100
0000001
1101100
1000000
1011110
1100100
0000110
0000110
0001000
0101001
0100000
0010001
0010100
1100010
1010000
0010000
