38 46 372
0000101001000000000000000000000000001000000101
1100000000100100000100000100000111000000001000
1000000000100000011011000000011001100000000000
0000110001000001100000001100100000010000000011
0000011100000110000100000000000000000100000010
0000000110000100001010000000000010000110000001
1000000001010100100011100010010100001000001000
0001010000000100110000110001000000101001110010
0000001110000000100010010010000000000111000100
0101001101000110000101010000011100100000100001
0100100100000001001100010100000000111000000101
0000000100000000000000100001000001001011001101
0001000100100110000010001010000101110001000100
0010001001000000010000010000000000100000000000
0000010001000001000011010001001100001001010100
0001000011001001000000000001011100000000000100
0010000000000000000011000000010100000000001000
0010000000100001000001011000000001000000000000
0001000000000010011001011000000000010000000000
0001100001001100010000101000000000000000000000
0000010100100000010011000000000001010001100010
0100100001010000000000000000011000000000001000
0000010000000000000100011000000000001010000000
0000010000000110001010000001000000101000110000
0101000000001000010100000000000000001100100000
1000100000011000000001100000000100010000010000
0000100001000000001100000100000000100000000000
0000000001000000010001100001101001001000000000
0001000101000011001101100100001001000001000000
0000011000000000010001001110010000000010000000
0001000000011001100011000100000110101000000100
0100100000010000100000010100000001000000010001
0010000001001110100000101001110101000000010000
0000000000000000000000001000000000000001000000
0101100101010111010011000001000100000000000001
0000000000010000001001000000000000101100000000
0000100010100000000000011001110001010000011001
1000000001010001010110000000000000000000001100
