43 69 602
000000000010000000100010000010000100000000000100000000010010000110001
101110100000000000010010000100001100000000000000100000100010000000000
001101100000000100000000011000010010011001100000010000000000000001000
101001000100010011000001010000000000100001000110000110010000010100001
000100000000010000111010001000010000010000000010000000000000000001010
000000000010000100100001000000000010010010110000000000001000000100000
001010000000000000000100010000000000000000100000101000000000000000000
000000100010000000000001000010000100101001000000001001010000011111000
000100000001001010000000011011100000000001000000000000000000000011000
000000000100010000000100100000010100001101000001000100100010001000010
001010010000000000001010000000001000010001001010100100000001101001010
000011000010010001001000100000100100100010000010001100001000000011101
110100010100000101000001001000000000001011000000000000001000011010000
000010000001000100000001100000000000000000000100100000010000001100001
110000000011000000100000011011010000100001000100010000000101000000010
010100010100001001101000000000000001000000110110010000000010000000111
100000100100100000010000101001011000010100001000000011001000000100000
000000000001000001000011010100100110010000010100010000000011000011001
010000100100000000000000000010000000010010000011000000000010000101100
000000000100000100010001100001011111010010001110100000010000010100110
000001000001000011010000000000000000000010000010010000000000010000010
001010000000000110010100000000010001000000001000011000000101001001100
000001000000000000001000000001001011010000000000000001000000000000010
000100000010000010010100000000000001111000001010000001000000100000001
010001101000000101100001000000000100000000100000000000010000100100000
000001000001001000000000010000010000000011101010000000010100000100001
100000000000000000000100000101010100000001001010001001010000010000100
011100110000000100010000000000000000100000011010000000000000000100000
100000000100001011110000010101000000000100000010001000100010100000000
000000010010000010000000010100001100000100001111001000100001000101001
110000000001001010010000111000000110000000100000010010010100000000000
110000000000000100010000000110010000000000110001000000000000001100010
001000000000000001000000001000100100100000011001000011100000100100000
000110000001010000011000000000110000000000110001010111000000010000000
001000000000100010000000000111000100001000000001000000001000011010010
000000000001000100001100100000000100000010000110000011011000000000000
000010010001000000010000000000000000000100010000001000000000110100000
000001000000100010110000000000100000101001001000000001000001000010100
100010000000010100000110010100000010000100000000000100001000010000000
110001001001010100000000000000000000000001000111010000010000000000000
000100000100100000000011100000100000000000000001000010000000000110000
000000000010000000001010010000100000000000100111001000100000001100000
100000010010010000001000000000000000000100001000000000000100000000000
