107 72 3800
000010011011101000100011000111000010100010010100000110010111010101100111
011101100100100001001000101101111000011110011010001110101010101001110101
101000000111101010110000110001011100011100101010100101111100110100010111
101000101010001100000001001100100111100110111111011011010000011000101011
010111110001010010000001111100100010100000110010100100101100101110001100
011000010101011010000000110011011010000011111000111011001101111101000101
010001110011111101110010001110101001110110100011101101110101000000111101
111000111110111010111001010001111101000101001111001001111010000111101001
000111001001001111111110000110101110100111001001101100100011110010010101
100100000010100110011100000101000011111111100001000011011110001110110001
010110010001101000000001000111000110011110110111001100010000010010101001
001111100001011100010000001111000111100010110110001000100111100100001110
100111011100110010100001011010110001010001100111000010000001110010000101
000101100100011100100011000010000000000110011111000110001110001101101001
101101101000100001100001110011101010010101010011001001111111011110011010
101001001011101001001101011101110000101001001000110001010111000110101011
000000001111011101011000000110101011010111101011111011011101001100001110
011010101000011110011110011110111111111100110110111001010101100000010011
000101110110111111010111011100101001010100000001100001000010010101101100
001100011101101001010001010100110101110010110100001001011010101111010100
000010100100011101110101100100011100011010010101100110001100010101110101
010101011001010001100011100111100010110111011011110100110110001111000010
011100111000101010000001101110100010111011111111001001001100110000110101
110100111010101101000110111111000111000111010010110100100011011001111101
000001100001011011110010010010001111000011101101100010011101100110100000
110100000001001100011110011000010010110010110000100100010111100000000010
110011111101101101101001101111000000101001000011010100000111101111011000
111100110100001111100101100111101110111101110000100001100101011100001001
101101011011111000001111010101110011110010010101110011010010111011011000
101111110001010001010000110100100110110111010110111101111000000101011011
111011010000110111001101110101100100011110010110110000110000011100111010
000111110010111011011000011010111001011011111001001000111100100011101010
010111001011000010000110011001111001000100100110101101111101010011101101
110000001000001100010000101001010100011001001111011000000111000110011110
101000010001111010111000011101111110010010011001110101100100101001001110
011011101100110001110100011011101011011101011100001100101100000110110011
001101101001010000000000110110001101011000110100101011100011000010110010
010100100011101011000101000011110010011100001101101011110000011011001011
011011101001011000001011010001010100001110111011100100110000000101111000
010011010011010111001110110001010011001101100100100010110100100001001011
001001101101011111011110101100001000000010111101011010010100100100001001
000010000110101000100101111101001110001111111110100110010001001000110001
001111110010111011101000011000000111101111010001110000110000010000111101
101001101100110101101011101011110000111010010111001011100100011010100111
100011011011000100001110111100101111000011001010110011110000110000111010
100010101011110011010011111010111111100010110001010111000011110110010001
001111110000010101100110110100101001000010010001010101111100100110000101
101111101100111011101100100110101011111111000001101010000000010101100001
110010001010000110010011100001001101011100111011011000010011010011110010
100100010100111100100001010010000101111010001110111100011000100011001100
101110001000101100011101110110010111100011000011110101111100111110001110
110011110101111000000100001100001100010100001111111011100101001000110001
011111000001000111011010100101110111111010001001101001111010101111101101
110111101101100000011101101111100110111010100101111000010011001110101101
001010110110001110000010100101000101011110000110101111010000010011101101
011010010110110010001100001110101011011101000111011000011101100110101000
000011001001110010010011001100000101010001000111000000000001010011010001
111101011001111100000111011111000111100111011101110110001011011111000100
001000111100111000100011010101101010111100001101001010001001011001110110
101100110011000011100101111110011100000111100011101000011011011000101111
100101101011101100010001011000111111111101100001010000101001010010011011
010110010000010000000001111110011101111111000011111001101101010001101000
110011001111001110110000000001001001001100010010010001011111010111010111
111100000010011011111100101001110000000110110001001010100101001101100010
011000011010010001101100000001011001001100110111011111110010010101010100
110100100011010100011000000011111110001101110010101010110000011011111011
101101001011110010100001000111110100010011100110010111111110110001111001
000100100100101000000101110110010111000100011111111100011011010011011101
001010001000101010100111100101000001011011111001100000100010100011111010
010110110001111110110100100011000000111101111111100001101110110110101101
010001100101011011000000111110000110010100000010010011000001100011000010
111000000101111011011010100101110101101011000010111111010000111111100110
000000000111011011110011000010010000111001011100111001100010111101110101
100011001100000111101000001001011111001000010001100111010110011000110000
001011010011101000000000111110010100110000001001000111101001010101000110
010010011010110011000010000111001010100000100011000101100100010011110110
111001010001101101001100000000010110000000111001010000111011010001111000
110010001000100100100110000111110000100110000111000111101011110010111100
100000101011110000111110011111011111100110010111001001100001011100100010
101010101001100100100111001111101011000110100011000010110011110101001010
110010010010011101111010110000111011110110000000101000001000101111010110
001010111101000111100101011010010001111010110101010100011110101110011001
110011101000010011111101001001000100111100111011001111010000110011111101
111110001100101111110011110010000001101011111110000001000101011010101110
010010110110101011010110011000000111010000000101001000000010011001010010
111101011111010110111010011000110110001010110011110011010101111000010001
000110011001100100111001111011101001110110001100010110001100101111001111
101101011111110100011101001111000001101101100101101100001000001011101000
001101010001001110100000110000010001110001011001011100110010101000101011
011100101101001101010100010001100011100110100001001110011100100000001101
111100100110110110110111001001001100001010011011101000101010110100000111
100010110001001011001110011110000100101111110011101001111000001110100010
010111101111110110101100101000101000101010101001100100111001110100010110
110010010111110000111011000011111010000000000000000110000001110001000000
010011111110011011011001011101100000010101100000100111010000100000001010
011010011111000101011011100010011011011010100100100000111011000100100011
011110001001110001100010101100100111111010110110000000100010100011110000
010110011011111111000101010011000101110010111001101111000001001000111010
110010011001000001001000101011100011001001011110101001001000100001001011
010101100010010011010110010011011110010001110011011000011010001101011000
000001010100010110100001000010011110100101110011010100110100100010101011
101001011011101000111011000001111111111011111110111011101011111000010010
011001110010110011001101001110011110011001101001111110001111111100110011
010010010110111011011110010001011100011111011001110001111001110000111111
100010101010100010110101001010001101101011010011100000010011001001011010
110110100000110011111101101111000101100011101011111001011110000000001000
011101111101011000100010000000000011111101101111000000001110000001101000
