148 20 979
01000000000011100100
01100010100010001010
00101001000001000010
00001000001011101000
01011100010001000011
01011110000111000000
00000100000001111110
01000111011110010000
01001000000000000100
01111101000100101010
10000001000000010001
10110011100001100010
00000100111000000100
00001101001100100000
00000000011011000000
01000010100110100000
10010000001110001100
10101010011010100000
00110001000011001110
00000001000101010000
00000100000000101011
00001010100100000010
00001001100001000111
11000011010000101110
00001000110111000101
01010110101010100100
01000011100000001010
00000011001000100010
10010000000000010001
00010001010000000000
00000000100001011001
00011111010010010010
10110001000000001001
00100001000000001001
01000001010010000001
01100001101100001011
00100010000001100100
10010010010010110001
00000100000110110000
10101101110000100000
11101000000000001100
10001010001100101001
00000010110100010001
10000101000000000000
10000001100111010100
10000101000100000100
11100010000100000001
10010010110010100000
01110000000001010000
01010000011000000001
01110001000000110110
01010101110010001000
01010010010010010000
10011000001011011010
11101110100100100001
00000000111110011100
01100000001000110001
10011000000000110111
00011000000001010110
00100000010011000001
00000011000010000010
00010100000000010100
00100000100111010101
01010001111110110101
01010010100101000010
01010110000001000011
11001100000010100100
01111101110000000001
00001000000000001000
00101011000010011000
01000001010000100010
10000011000001000111
00000000001111001000
01000000001000010101
00000000000111100010
01011100011000010101
00000000000000110000
00010010100010101011
10000000000101010000
00000100001101101000
10000010000010000010
00000001000100101000
00101000100111110100
01010000010110000111
00000010010110001101
01000101100010111001
10001100100010001000
00111100010000100100
10000000000000110101
10000010100011110010
10010011101000000010
00100000010111100111
00000010010001001010
01000000100001011000
00000001101000100000
11011010000110110000
01010000110110010000
00001010001111011000
10100000101000101000
01001010001100001000
01000000000110011000
10101010111010010100
00110110001010001000
00010000001110010000
11100100000010011010
00000000010100101101
01100000000011111101
10001000010100100011
10000010000011000001
10100011001110110010
01001100000010000000
10001011100001100011
00000111000011001011
01000101001000100000
10100100101111010010
01000010010110010010
00110010010111010000
00110011100000001001
11101011011001110010
01011011000100000100
01010110100101000010
00000000010101001010
00010101100001011100
00110010100010000111
01111000001011110010
01100010000100010010
01000100000010010101
01101010010110000110
01001000010010101010
00000100010000101010
10100000101001101010
00100101000000010010
00110000001001000010
01110101010010000000
10000011000001100000
00001010010010000011
00100010010110001000
10100111001111101100
01001001000101001101
00100001100010010000
00011110000000000000
00000101010000100001
10101011001001111000
01000101110000000001
01001001000001100010
11000010100001000100
11000000000100010111
01000010000000001010
