109 60 1385
000000010000010100000000100011100100100000010000000000000100
000000010000001001010000100010000100000011000000001000000100
000000000110001010100000000001011001100010000111001010000000
000010000100101000001100000100000011100000010100001010000000
010001001100001000000000100100000000100110000000011001010000
000000001000000000000000100000000000000000000100000011000000
100000100000000000010000000110010000010000010000000010000011
000000010000010000010100000011111001001100011001000000001001
000100001000000100000000010010100000000000100110010101000000
000010000000100000000100000000000011000100101010101010010000
010000000001010001000000000000010101000000100000000001010100
000000001010001000001000010000000100100000000000000100000010
000101100101001101010000000100100000100100001000100101000000
000001100001001000000000100011011001010010000001010010000000
000001100011000000000010011010100000010000111100100110001010
110100001100000001001010000100000000000100101000000101000011
101000010000100010110000000000000010001011000001000001000000
000100110000001100001010010001010101000010010000000110000000
000000001010001101000010010100001110000000001000000000000000
000010100000010000010000010000000000000000000000000001000000
000000010000000000000010011010001010000100000010000000000000
010000000010001000000001110100111000100000100000000001100110
000000000000000100010000000000010000000101000100000100100000
010000000100000001100100000010001000010000000101010011000000
000011000000000010000010000010000011010001100100010000100100
001000000010000000000000000001001000000000110101000000001010
100001100000001001000001001100000010000010100100100000000100
000000000000001100001101000010000000000000001000000011000000
000010000001100000101001000000110001100000010000000000001001
010000001100110010010001001010100001000000000010001001000000
000111000010010010010000001000001001000100000001000001010000
000010100100100001000000100000001000011000101000110101100001
000001000010001011000011100001010000000000000000000000000100
000000011000001000110001000000000000000000100010000000000000
001010000000000000001000000001000001010000000000011010000010
000011000010010100010000000000000110000001000001000000000000
000000010001000001000000001010000010000000110000000000010000
000010111100101011000100000011000000000000010000000001100000
001010011010111100000000010000000100010000000001000001100110
000010001001100001100101000001000010000010001110001111000000
001000010100000000000001001000000000110001010000000000000011
100110100000010110000000000000010000010101001011000001010000
000001000000011111001000100101100010011010010010000100011100
000111000000000101110000001100100010000000000000000000101000
001010000010010000010001000000000001000100001100001000000010
000001000000000000000000000000000101100000000010000010000000
001000000000000100000000000100000010000001000000010010000100
001000000101010000000001001000000000000001100000100001000000
101100000010001000101011000001001010001011000000011001100000
000000000000000100000000010100000100001010001000101000100001
101000010011001000011010100001000011000011000000010101100000
100000001000000000000000000000001010111000110000010000101100
010000000000010001000001000000000000000000000000001000100001
100010000111010100000010010000010000100010000100100001011000
100000000000001010010110000000000010001000010000000001110000
011011111000011001101001101010000001100101010000001111010000
000010000100100100010110000000010001100001010010000101000000
010001001000001000001000100001011100100111000000000001001100
100000001000001011000100000001001000100100000010001001000000
000000000100000100000000000000000000110000100100011110110000
010001000000000001001000000100000100000010000000110100010100
000000001000010011010011110000000100000001100000000101001001
011001100000000000110100001000100010010001000100000011000000
000000000100100010110010001100000000011101001011011001000000
000000010011001100010100000010000000011000000000000000100000
000100000000001100101000000100100000110100010100000000100000
000000100000000001100000001010101100000010010000000000000010
001000001000010000000000010100000000000100100100000000000010
000100000111000010000000000000000000000000001000000000001010
100010000100010000000010001000001100000000101010100000000000
010100000000000011000011100100100011000000000011000000000000
101010100000000001010000000011001000001000010000000000001110
101001000000000001011000000010000110000010000100000000100000
000010010001000010001110001010010000001001000000000000000000
010000000000110010000000000000000010000100100000100100001001
001100010000101000010000000000010100000000000011001000000000
010010101000000000000000000010010000100000010000100000000000
000000000011000001000000000000000100101001100011010000000000
000000000000001001000010101001001000010001110000000010000000
000100000000000001000110000000010000100000000000010000100010
001000000000000001010000000010011101011100010000001001010000
000001000000001100011001000000000010100001101000000100001100
000010101000000000010000100010000001100000000000000100000000
000000000000000100000100100000001001001001001100000100001010
000010100000000010000000101000010010000000000011100111100000
000000001010000100010001000010000000000000001000110000010001
000010000000001100000000100010011100000000000000100111010100
000000000010000100000000001000000000110100000010001101100000
001000001000010001000000011001000101000000000000011000000010
001100000000000010000011101000101000000110000000000100001001
010000000010001010011100010010100000000010000101010000110000
001100000011011100001001000000000000000000100100011000000100
100001000001000000010000100000100000110000010000000000000110
100000000010010100000000001001010101010010010110001101000000
001000100100000001000000000001000000000100000000000000000000
000010000000010000000000000000000000000000100001000000000000
010000001000000000010000000000111010000001000000001000101101
000100100000110000000001000000000100010001010000000100001000
000010000000011100001010000000001000010001100100100000000000
100001100000000000001000001010100000000000000000100001000000
000010000000000000010010001000001111110100001000000100010000
011000000010000100000001000100100001101000111000000101000010
010010000000000100000000001000001000000000000000001100000000
000000101001001100000000011001000000000101010000101001011100
000000010100000010100000000000000010000000000001000010000000
001000010000000010010000000010000101001000001000100010010010
000000111011000000100101001000010000100000000101000010011000
001000100000001000010101100000000011001101000000100100011000
011001000000000110011000000000000000001010010000101000011010
