53 99 1298
001110010001000000000000100001001000000100001100100010001001110000010000101000000000000000000010000
101011000001000101000100010000000000100010000010011000000000000001000000000000000100000010000000100
000011000000010000000000010010100100111010100010111010110000010010101000000100000000000000000010010
000011001000100000000100000000000000010110001000100000010001111101101000100001001001010110000001111
011000100110111000010000000000001000000000000001000000001001000001001111000010100001000001000000100
111100000000001000000000000010001010010110000100000000010100010000001000100001000000011101000001000
000100100001001001010000000000000010101000000001001000110101001000000000000001010010000110010001000
000001001001000111000000010001010000000100001010000000010000111101001001010000000000000000010010100
000010100001100000101101000101001000011100000001000100000000001101011011001010001101000000010000000
010010010101010100001001001000001010000010100110000010000000100001000000000010010000000010000101100
100101000000000100100000100000000001001000100000001000000011101000000010001001101000100100000101100
000000010100001000011100001110001011000000101000000111000000010001010000110000000101001000000000001
100111000100010000011010011001000000100010000000010010001010001100011100000001010010000000000000000
000010001000000000000010001010001011000100100000100000010000000010110110000000001000000000001000110
000000100100110010100000000011000000100100110010000000000000001100000100100000000000000100000001010
000000000000000010000000000000001001000100000010000001101010011000000010000000000000101011001000100
000000000001100100001110001100000110101001010000001000010000100010100110000001011001000011010100000
000101101000100000000001010010011000011000001000100010010100001100011000100001000100000001000000001
000011000000011000000101000011001100000001100000100000000000000000001000000000000001000100100001110
000010101010000001000000001010100001100011001000000000000100100000000001010100011001100100000000100
111010000101000101000010000110010100001001000000010101101101010101000000100100000000100000100100000
001101110000001000000000100001011000000010000000101000000100101000001110000100110000000101100011000
101000000000000001000000110000000000100100011010110011000010100000000001001010000100100010000100001
000000000100000000001100000001000000100000000101011100010000000000001000000000001000000001001000001
000000010001000000000000000000100000100100100000010000000001010010000010100000010100000110000001111
000010010000010000100101000001101000101000000101000001000001000000001010010000100100001001000000000
101000100000000011000000000000001000000101100001100000000100001010010001010000110000100000111000000
000001100001000000001001000001011000010000000010101011011000000000000101001100010000100010001000000
001010100010010101000111000100010101101010000110011010000001010000000000000000010111001000010011100
000000100101100000100100000010010010111110100100000000000000110000100010100000000000001000110000010
001011000111000010000100100000000000001110000011000010010111101100100010011010010000000001000000100
100100000000010100011000010010000110101010000100010000100000100001000000000000000000000100000000100
000000001001100000000000010010001100001000001000000100000000000100000001001010000000000010000010101
111010000100000000001010000001000100000000010100100001100101100100000001000000100010000000010011010
011001001110000101100001110101010001000000001010000010000011000000110000000100100100100000000101000
000001100010001110111000110000010110000010101000000001111001100010000000001000100000011001000010000
110000001010010000011001010100010001000000000010100000000001000000000101001010000000101000011011001
000000001000000001101000011000000000010000010000000000000000001001110000000000000000111000011000010
100000000000011000101101000010000000001000000000010101001000000010000010000000101000001010101101001
110000000000000000100001000100000100001010010101000000001000001010000000010010111000010100100010000
000100000001110000000010000101000011100000000000001000000010001010000000000000011000011001110011010
100000110010110000000000001000110100000100100110001000010000010000000010001010100011110010000010011
010000010100000000000100100101000001001110000001100000000011110011010000000010000000011001000000110
101000000000000000100010010110000000000001000001001110010000000001011111001101100000011000000000001
001010000000000100000000000011000001010010000010000000000001001001010000100001001100000000000011000
100011001010000000100000000000000101000100000000101000110000000010000101000000100000100110010000001
000000110101000001010100000111010100100111010100000010000110000001001100000000000000000000001001001
000000000000000011100000010000000101000000010000001000000110000000100001000001001100000000010011000
101110011000101101000011000101000001000010000000110110101101010000010101001010100000101101001010000
001001101001010011000000001000000100001000001000000000001100001001011000100001110000000101010101110
100110000110000010100010000100010001010011000001010100101110000000001000010000000101000001100011000
011100000000001001010100000001100100000000000000010100101001001100001001100110000110000101000000100
001000110010000100000001010000101000100000000001010000100000000010000010000001010101100010000100000
