100
5405 4 4
4226 9 7
4676 7 9
5745 9 3
6222 5 2
4400 8 1
2049 2 1
6058 4 1
5012 3 1
6642 0 5
5628 2 8
3806 4 0
6446 0 8
1942 3 4
1882 3 9
3597 2 4
4995 3 1
4510 6 6
5572 4 7
4861 6 4
3488 5 9
6271 2 4
3523 7 0
3837 5 3
4942 1 6
5932 2 8
3354 3 7
4214 4 1
5376 2 8
6150 3 5
5008 1 5
1687 3 2
2034 5 0
5265 6 7
3176 7 3
3145 1 4
5860 1 6
3682 3 8
6332 9 8
2851 1 1
4841 4 4
2865 3 0
5382 3 4
4822 2 4
5351 1 1
4750 2 6
4727 1 3
2583 0 0
1858 3 0
5291 9 2
6448 1 0
6260 7 2
2047 0 1
2975 8 3
3911 2 0
4343 6 4
3743 2 0
6369 2 7
3688 8 5
4420 1 3
2342 1 1
5595 3 3
4715 3 3
3524 5 3
2941 6 0
2791 2 1
5781 2 3
4668 6 0
2138 3 5
4300 6 8
3810 1 3
6459 1 4
5236 9 0
5713 2 1
3046 6 3
6002 4 4
3261 6 5
3920 2 3
3747 8 9
6606 4 0
5577 5 1
1701 4 0
6394 9 6
3721 6 5
4483 8 4
4580 9 3
3311 5 3
1798 4 5
6355 7 4
4746 3 7
6428 8 9
5512 8 2
4990 4 6
3816 9 6
1847 3 6
6066 8 4
2628 1 3
3860 6 3
6592 6 2
4331 8 1
