100
5427 4 6
5379 9 7
5711 1 0
3617 4 7
5353 1 0
3187 8 4
3904 8 0
3931 4 6
2212 5 0
4935 4 2
4995 7 1
3820 9 2
5591 3 7
2656 4 0
4937 4 5
5280 5 3
4297 3 6
2104 3 6
3072 4 0
4114 9 2
6207 9 1
5889 2 8
6459 9 4
3301 0 2
2211 1 6
4030 3 3
3624 7 7
1965 5 1
1809 3 3
2518 4 3
5514 1 5
4522 5 3
2341 5 2
6393 3 1
6264 0 3
3296 7 3
2815 6 9
2450 3 0
3794 8 5
5607 9 6
5018 4 0
6408 9 0
5519 5 6
5116 9 5
4912 7 1
3966 7 3
3457 5 9
3095 8 5
5094 6 8
3074 2 1
3254 3 1
6104 3 6
4715 4 4
3135 3 3
2680 0 6
3069 4 8
5286 5 2
6413 4 0
4058 1 6
5903 7 1
3504 6 3
3577 9 5
3591 2 5
1999 0 3
2400 4 9
6001 8 2
5615 0 0
2756 3 6
6293 0 5
6491 3 0
4848 0 3
4140 7 9
5470 3 1
3331 7 4
1766 4 3
1934 0 0
4374 3 8
5692 6 6
1953 5 2
2989 3 1
5247 5 4
4474 4 1
4669 5 7
4617 0 1
3184 1 9
3677 1 9
4279 6 3
2947 2 8
4531 9 5
4724 2 8
3952 1 1
3647 5 3
5196 6 1
2240 1 7
4104 1 3
6522 9 7
3873 5 8
3971 9 2
6458 5 6
2528 0 0
