100
4779 4 4
1808 1 0
4980 2 3
5542 8 0
5193 6 1
6493 8 5
4619 5 1
3525 3 9
6217 5 6
3373 3 8
6590 2 4
4862 8 4
2220 6 1
2910 7 4
6129 1 8
3561 1 0
6623 2 1
4857 9 3
4660 4 0
5176 7 5
5975 9 0
4700 6 1
4208 3 5
5390 2 4
4197 5 1
6224 4 4
5464 6 7
3374 4 0
4005 0 8
3693 9 7
1919 5 5
6498 8 5
5433 2 1
4141 1 3
3371 1 3
4331 6 8
5414 8 0
4479 2 6
3054 2 3
3040 0 0
5791 9 0
4534 1 4
2681 5 1
6231 1 1
6334 2 1
3875 9 2
5491 5 6
3832 5 2
4848 6 9
5364 5 0
5243 5 0
3212 9 0
5799 4 0
2447 0 1
6344 7 4
6000 6 6
2265 4 4
2278 2 3
5557 2 4
6598 1 8
5453 2 4
3237 6 1
3036 1 8
2978 7 7
5926 9 2
3787 2 0
3673 3 5
2580 4 3
3675 7 1
3400 5 5
2041 3 7
5801 8 7
4805 8 2
2482 6 9
4276 0 8
5624 1 9
5688 0 0
6438 1 3
4151 4 0
5854 6 0
3460 4 4
6327 2 1
2222 6 2
5722 3 0
4196 5 5
3465 1 4
6320 6 9
4677 4 5
1861 5 9
5997 1 8
6537 1 4
2713 0 2
2033 5 8
2164 3 2
5996 6 2
1830 5 4
3609 8 2
4751 9 0
6337 7 7
4771 1 0
