1000
251444 12 8
243669 7 9
100026 6 8
238192 14 5
125682 4 12
132713 8 13
276713 3 5
268272 12 4
276352 1 5
152746 13 4
223572 0 4
296401 3 5
160944 13 1
138929 3 2
180230 4 4
275261 6 10
210277 7 2
137989 0 6
124717 6 9
195834 12 10
224605 6 4
253079 7 3
158199 10 3
233589 12 12
249845 6 4
236454 5 8
262111 1 9
233338 3 1
154241 0 4
277587 4 2
129196 7 11
197826 12 10
156360 13 2
293054 4 14
111562 10 13
250722 7 14
173832 8 7
141078 13 13
244323 1 3
178506 6 10
282753 13 10
139247 2 2
242158 9 7
292470 4 0
187238 0 11
211735 3 6
119890 1 12
125640 5 10
192632 7 4
122084 8 1
129753 11 0
289196 11 14
199298 0 8
227109 6 12
134534 4 10
243515 13 1
160882 9 11
156486 14 2
147925 3 8
267529 7 9
276711 1 9
298176 4 3
284281 9 12
234757 5 2
248177 7 0
268934 0 4
198745 3 13
148688 14 13
204611 10 3
223129 9 11
272142 3 5
180147 13 0
123836 4 8
155742 0 7
274367 1 10
202300 13 6
151467 13 8
279560 2 8
235932 0 7
244627 11 14
211377 9 5
145361 11 3
258949 11 12
261462 8 1
248738 2 4
174202 11 4
150647 0 12
124488 1 13
282294 4 3
232660 1 9
122582 9 4
289044 4 6
276985 3 5
299869 14 14
142109 1 3
259807 14 4
225252 6 11
224091 13 6
111601 12 3
118772 8 1
107829 10 10
264122 2 8
285724 5 0
175393 6 7
207130 4 2
102594 14 12
296881 5 7
284586 6 8
288255 14 7
253387 2 12
163044 12 0
218415 12 1
252159 1 0
102446 4 4
221254 1 6
152775 7 4
244294 2 6
194363 12 13
158785 5 10
288856 11 2
227262 4 9
260022 7 13
224083 4 13
117623 12 8
245599 5 11
152513 3 1
125309 8 13
165622 12 11
294044 13 0
162571 2 5
174366 12 13
251376 2 1
293361 14 0
207344 8 9
273423 1 9
258620 2 1
164681 13 2
211052 10 1
282759 7 0
126273 11 0
211240 14 4
101590 0 11
127156 11 3
228138 0 0
298725 10 0
103457 13 2
234660 13 2
182732 13 2
290550 9 14
222775 9 6
213260 10 5
169233 5 14
170972 5 0
140185 4 10
232184 12 5
299341 11 13
274315 8 3
180967 9 8
139689 4 7
197219 1 14
115660 9 9
183530 8 13
183723 9 6
201159 1 2
119823 2 13
245717 11 12
268359 13 11
167105 4 13
299493 5 2
150202 11 4
170283 3 6
183902 13 4
188682 11 12
151972 13 5
292749 13 0
247758 5 14
169344 3 11
289664 12 3
288633 7 12
104684 12 5
217983 8 6
267769 11 13
108739 9 5
110432 0 10
242467 8 3
275915 4 9
128738 1 0
201226 3 13
245964 14 2
232069 1 4
138064 14 10
150414 5 0
147197 0 3
273214 2 3
263208 9 4
161131 5 2
291354 6 5
108167 9 0
227340 11 3
183240 0 1
119823 6 14
243350 1 7
191454 1 9
138751 4 14
119411 10 14
155032 6 10
296028 12 2
223077 4 13
239546 14 9
276014 11 6
198286 7 7
180977 3 10
208211 0 12
249271 8 7
104387 13 13
227890 8 2
267412 13 0
108942 13 5
123589 11 14
249439 7 10
100295 12 11
140012 11 12
280582 14 7
209896 0 9
258982 6 3
114064 5 13
262554 3 8
115641 12 6
217746 14 5
191866 6 4
124470 5 13
118169 9 14
214015 4 0
200126 12 11
205864 1 7
136788 9 7
126044 0 12
136471 5 1
223551 4 9
203835 7 1
124035 5 8
241757 12 11
244558 5 4
240087 4 14
172525 3 0
162510 9 4
238044 8 3
214489 12 6
146048 10 11
230964 12 2
133947 13 10
269425 10 14
290982 7 5
116508 12 3
130329 10 10
153661 0 9
135919 9 7
209476 6 2
221763 1 4
100925 5 11
141125 9 5
175183 13 7
105991 5 4
106331 1 8
224686 13 1
196684 7 4
171197 12 14
205569 13 14
275855 14 14
165048 6 7
251088 14 11
177792 14 14
217720 8 5
282429 3 9
178637 10 6
252329 13 6
125337 8 10
132882 2 12
277513 13 0
284986 7 6
211180 3 11
168600 13 6
222017 13 14
232362 5 12
101109 9 12
217727 3 11
145466 5 0
296867 12 9
136693 4 10
226617 7 4
190372 8 3
179034 2 13
258437 1 10
226327 5 3
119800 9 0
203246 8 0
214108 12 0
192338 4 10
257848 2 11
212939 12 0
184944 7 9
285614 12 4
186666 6 12
129958 2 14
100768 14 6
224013 1 6
169700 12 10
118687 3 8
226220 11 5
253684 2 11
220547 2 5
266815 5 12
218422 8 11
101050 9 1
205916 9 13
146878 6 11
196827 10 5
106575 2 9
108564 12 13
161880 10 2
115673 10 6
190479 7 14
151264 2 3
173817 1 14
113861 3 4
118832 6 3
273233 9 11
278973 8 2
133555 2 3
214111 6 2
216197 8 3
129717 6 5
201506 5 0
287671 6 13
119697 13 8
299925 2 11
109012 5 11
239887 2 1
192189 7 6
224120 6 13
157222 8 13
213301 5 3
122896 9 14
240446 5 7
165501 13 8
174924 14 12
127163 4 8
165853 7 6
182314 7 4
238114 6 13
165641 0 0
181004 7 4
193967 12 0
253718 1 2
256837 2 0
251356 7 6
255821 11 14
212003 14 3
133846 14 2
226168 12 5
212081 13 11
262108 12 13
178059 8 9
106033 9 8
173661 0 14
119244 5 14
257441 5 5
127989 13 5
278173 10 2
195790 5 4
108863 5 7
254594 10 5
190640 14 0
236612 13 9
216275 0 5
173558 11 5
150888 11 12
262125 2 10
279343 11 4
260377 13 4
217054 11 0
197520 4 13
158026 3 2
270042 14 14
258173 1 14
287472 7 1
116532 14 6
113014 11 1
127055 7 14
185693 3 8
275988 3 7
268128 11 7
231602 0 5
241783 6 8
257129 1 13
256534 5 5
148751 10 0
243445 14 3
294012 14 6
215202 1 3
174331 4 4
245966 0 4
200129 0 6
138146 5 14
100096 12 5
171280 1 8
286008 13 14
193974 8 9
132843 11 7
168950 8 4
163832 9 0
197517 0 7
181501 10 13
246359 9 1
244870 14 1
265522 0 14
250906 9 11
159762 8 9
156828 13 3
280431 6 6
219801 10 14
117526 2 1
204679 8 5
279267 9 9
288535 9 5
113017 2 0
126793 14 4
126795 6 6
242549 0 5
156604 0 1
197050 9 10
104046 12 5
182489 5 12
173026 10 6
131299 14 14
260599 5 1
239078 11 6
295886 14 8
174022 5 5
164000 13 12
161602 10 7
175002 2 12
170424 7 3
196283 2 7
170802 4 10
273405 13 12
296735 4 9
137827 3 4
251522 13 3
225811 0 5
150857 1 13
232723 11 13
219290 1 3
177020 8 7
177357 11 7
161671 9 9
131121 10 7
264019 10 13
276528 0 2
210415 5 14
284263 3 6
146461 0 7
275879 9 12
145285 14 12
291321 10 3
286922 0 0
222404 5 0
158204 10 11
183333 8 4
122163 9 12
185733 11 14
296525 9 6
144982 0 14
153258 2 4
273034 4 6
282422 1 7
130574 10 1
176762 0 0
136479 14 4
270458 14 2
140355 10 4
122196 12 2
119260 5 9
117544 10 5
247974 11 6
172228 5 11
211249 11 12
162560 3 6
149275 3 4
142317 4 14
272373 4 14
145824 4 0
290722 9 9
129224 4 5
142504 13 7
188535 14 8
175147 10 2
294990 2 7
183417 1 0
233016 4 7
284399 14 11
177084 10 14
121349 4 4
175896 13 14
247356 6 11
218920 0 7
146670 1 3
269332 11 14
228154 10 12
120654 11 5
240634 14 7
112096 9 7
113606 9 6
250196 8 2
161804 8 7
133392 5 2
210079 14 3
172384 7 13
145784 11 9
203392 0 5
112562 1 8
173892 4 13
122630 0 8
134507 13 14
220732 4 9
143609 4 10
216632 12 7
281849 8 12
228375 0 13
211316 14 10
147531 10 13
177020 12 1
221990 2 10
163426 9 7
260371 11 14
219634 11 10
103758 14 11
227657 1 8
279472 6 11
173251 4 1
114135 7 9
166170 6 8
163087 11 11
170897 2 4
182948 12 5
169100 7 6
186876 5 14
280345 11 1
172899 0 6
123525 14 12
147594 4 1
190462 7 0
176139 4 4
119601 14 12
194653 5 6
119861 12 8
231617 1 7
223692 3 5
168954 8 3
130957 12 12
184976 3 2
207815 9 7
214517 5 4
214265 4 7
211044 2 13
247953 5 14
259160 2 5
228733 0 3
139280 2 1
173907 7 9
270814 8 1
217132 8 1
228596 14 1
103064 7 12
287650 11 0
110932 8 3
153320 6 14
219951 13 14
164499 12 9
223219 3 6
111116 13 10
246732 1 5
147305 2 12
161376 8 14
174559 11 11
144300 0 1
272070 0 12
124432 8 9
216141 3 6
107221 14 7
123681 14 8
256058 1 2
152760 5 6
299721 8 3
292762 2 5
228765 9 12
146073 5 0
152482 7 14
195299 1 1
120149 13 10
282580 1 10
288044 14 10
178221 7 4
203293 3 2
237149 8 1
248658 7 8
264095 14 1
140322 2 0
189672 1 14
123954 7 14
190867 12 14
162728 2 5
121053 3 1
283235 10 8
116017 14 2
189029 4 10
108561 13 12
103804 5 0
255901 2 10
227717 4 7
218834 13 7
188858 12 3
163542 7 13
143891 8 11
226019 14 4
171409 8 12
115364 10 11
210741 10 8
218905 13 0
163252 13 13
248967 1 7
274571 0 2
136259 4 1
260739 10 10
106382 7 0
252234 4 8
202651 4 12
171812 3 5
275765 1 5
293762 14 5
166440 13 13
238657 13 7
167836 1 6
155685 2 2
283642 10 5
130168 6 0
228022 9 2
218112 3 5
106257 5 5
230933 3 5
165689 6 14
218383 2 14
261027 4 14
227555 11 4
130401 10 11
163448 9 11
239324 5 13
252018 8 14
134348 14 5
276836 10 1
211804 5 12
233415 11 12
277681 2 14
247552 8 8
139691 7 12
124688 12 9
288605 1 0
231213 3 0
221081 3 10
283524 7 3
207848 1 1
173783 9 13
103521 0 4
150578 13 6
297832 14 0
176988 4 12
153198 3 9
219692 7 10
265128 7 3
232092 9 10
293691 3 12
232790 2 3
255975 2 13
189465 13 9
121891 14 7
128728 0 6
244145 1 5
171086 12 10
255629 6 1
185979 12 14
146091 7 12
198931 0 2
263047 11 1
127607 0 0
123687 10 9
176549 13 8
145425 1 4
287362 12 11
201956 11 11
224474 6 14
256660 0 4
141139 10 5
148814 14 2
125040 11 4
126451 1 2
299493 11 10
105226 9 12
102440 5 3
221694 6 13
235247 11 12
163708 13 7
257714 4 8
158965 2 6
135887 5 11
225704 7 4
277802 3 11
286469 1 0
184958 1 1
252234 6 6
234879 3 14
207448 2 7
248367 0 11
155580 11 1
141235 2 5
170648 6 1
118629 4 6
241051 10 6
165580 3 5
225792 3 12
156928 10 0
110590 9 3
151699 6 7
197479 13 2
247577 6 4
188095 0 9
125187 1 11
102843 14 8
125254 11 10
106903 3 9
295514 9 0
201529 3 3
177383 3 2
272295 7 2
206853 7 14
223304 6 9
177767 11 4
150249 2 12
124702 6 6
225240 3 0
251472 3 4
298559 5 1
224820 9 3
269819 14 4
124775 5 11
267786 1 2
152393 1 13
193088 0 11
179200 3 11
123081 10 9
274959 9 13
244374 9 3
239138 0 3
279560 14 0
247778 8 12
260965 11 2
137235 2 2
259292 8 5
124817 9 6
294417 11 13
147063 4 1
173551 10 2
174938 1 7
281556 0 2
137496 11 12
184650 2 9
178994 5 5
138124 13 5
251021 0 0
121686 4 10
206178 10 3
257646 6 6
148066 7 9
129006 11 11
284636 14 4
241340 2 7
125661 11 11
196584 14 8
247146 14 7
273896 6 12
273576 8 9
174729 0 13
209478 8 13
112968 4 9
270621 8 3
118156 2 1
188657 14 1
150284 14 7
112094 6 7
189393 6 9
210775 10 6
223494 9 8
143281 6 2
260220 3 10
255719 14 5
160899 4 1
185186 6 9
120259 10 8
221752 0 1
211376 11 11
266495 11 2
184106 2 2
293734 8 10
145800 8 6
148442 4 12
122063 3 12
154351 0 2
202397 1 9
257685 12 12
261498 5 4
255533 8 11
262594 6 6
155154 4 7
256722 10 7
114763 14 14
104712 14 5
226351 2 12
132842 5 4
255390 5 5
168499 13 10
120756 13 3
227411 0 14
278719 2 11
151996 0 10
286041 3 14
221798 9 12
218890 12 13
175911 10 2
234345 2 8
149631 0 8
126075 6 10
210092 13 1
262108 13 14
276167 5 0
281275 9 13
217706 1 3
190888 11 9
164807 3 6
253634 0 13
182128 0 14
111279 6 11
170881 8 5
211941 1 0
243830 9 3
102801 0 6
189721 10 13
248633 13 13
251177 11 14
165368 4 12
277437 6 8
101019 9 5
153808 5 14
108824 1 0
232185 6 5
223283 4 7
200545 6 5
258100 6 0
175696 3 3
111957 2 12
177802 2 7
270487 1 14
262995 5 8
164681 14 10
292806 11 5
242805 6 12
260761 12 13
115631 6 12
222594 2 1
153564 11 12
225132 10 12
244934 8 4
286184 0 5
248263 8 13
203940 5 8
148101 13 14
152073 8 2
134145 3 5
242605 3 7
184718 4 6
238449 11 0
200376 8 1
269674 6 10
219484 14 0
201177 9 5
205540 12 6
114690 2 1
283302 1 10
287341 9 14
239726 5 7
238224 7 13
122640 8 0
192915 8 12
289747 9 11
235028 4 1
171208 13 3
175254 3 4
252319 9 13
170297 0 11
247824 6 7
234796 5 6
202306 1 9
244268 6 2
190725 3 11
117219 7 5
296780 14 0
169128 13 14
162523 10 6
122267 7 4
209136 3 8
270920 9 14
154274 2 7
114874 0 12
114613 4 8
164017 8 9
149010 9 3
246847 14 5
180912 3 12
181843 12 13
248304 14 0
268195 8 14
156172 7 11
279012 12 11
237805 3 8
254743 6 11
185201 5 0
191653 1 9
177912 5 9
185836 8 10
262241 14 13
269416 13 3
292375 10 6
281970 14 3
195654 3 2
268682 8 3
256872 12 1
296134 10 7
121585 8 5
103782 10 5
128814 6 13
211663 4 7
102230 0 13
141398 3 10
278487 7 1
109974 14 8
157390 7 2
165274 10 14
105170 13 2
279220 4 1
145524 14 3
283734 11 10
184154 5 6
125970 2 2
278037 4 8
199441 5 12
253389 3 3
246529 3 13
209225 11 12
238517 9 11
259911 4 11
291245 0 9
291146 1 11
103362 11 4
239129 14 6
102744 3 1
273263 14 3
129511 6 12
207430 3 3
169701 7 14
207022 14 0
287455 11 5
108958 0 7
103312 3 3
113978 10 11
270617 9 3
249718 14 12
158542 6 14
111368 5 11
267819 1 8
103490 6 0
193144 14 3
117123 14 11
240372 10 0
289293 11 13
101223 7 4
166502 14 2
118344 11 12
198242 1 9
130769 7 9
276321 9 14
212090 6 6
187534 11 7
