141
175
197
245
293
303
311
315
371
373
525
553
603
605
657
669
729
777
831
843
845
951
999
1005
1055
1093
1105
1141
1203
1251
1253
1309
1345
1365
1399
1433
1439
1499
1539
1541
1551
1565
1575
1587
1683
1695
1701
1743
1761
1771
1803
1817
1829
1841
1859
1873
1913
1919
1923
1965
1983
1985
2003
2043
2067
2085
2089
2095
2151
2251
2261
2289
2295
2309
2367
2389
2417
2443
2473
2535
2577
2583
2637
2685
2695
2713
2725
2749
2885
2925
2931
2947
3019
3021
3033
3043
3099
3101
3155
3185
3269
3291
3309
3317
3421
3425
3449
3479
3499
3501
3513
3569
3595
3621
3663
3705
3729
3789
3837
3869
3891
3893
3897
3951
3969
3975
4009
4017
4109
4117
4203
4223
4257
4281
4295
4357
4379
4463
4475
4541
4547
4573
4673
4679
4707
4713
4727
4731
4743
4785
4797
4805
4815
4843
4901
4919
4973
4991
5035
5075
5163
5195
5197
5289
5335
5411
5413
5437
5449
5455
5513
5531
5605
5623
5657
5701
5713
5719
5725
5739
5843
5859
5879
5897
5959
5971
5973
5977
6013
6029
6041
6063
6195
6197
6249
6269
6279
6291
6333
6381
6399
6469
6473
6507
6579
6617
6623
6681
6687
6725
6737
6765
6799
6811
6813
6941
6977
7025
7053
7087
7099
7127
7155
7175
7241
7275
7319
7329
7373
7385
7401
7427
7429
7501
7513
7537
7659
7673
7679
7737
7743
7779
7799
7821
7839
7881
7911
7923
8005
8015
8053
8107
8109
8129
8217
8223
8253
8271
8299
8335
8353
8415
8419
8425
8433
8465
8477
8491
8549
8573
8589
8595
8663
8667
8693
8727
8779
8781
8815
8853
8869
8891
8905
8941
8997
9015
9097
9115
9133
9163
9177
9183
9189
9193
9207
9279
9281
9315
9385
9431
9437
9459
9485
9497
9541
9563
9645
9671
9683
9685
9769
9835
9899
9933
9951
9955
9981
9993
10001
10029
10047
10073
10113
10123
10147
10149
10179
10205
10239
10269
10283
10293
10311
10325
10351
10387
10423
10429
10507
10509
10531
10543
10681
10687
10689
10695
10707
10737
10777
10801
10843
10845
10859
10945
10955
10981
10999
11047
11059
11061
11079
11093
11107
11133
11155
11177
11295
11305
11323
11325
11337
11355
11395
11421
11431
11491
11505
11529
11549
11565
11571
11597
11605
11695
11697
11745
11779
11781
11793
11803
11829
11859
11865
11877
11895
11923
11971
12053
12087
12105
12129
12153
12175
12189
12211
12231
12235
12237
12327
12383
12393
12399
12437
12451
12507
12513
12537
12551
12565
12675
12677
12695
12711
12717
12735
12737
12755
12791
12813
12835
12841
12879
12881
12933
12943
12991
12999
13023
13083
13099
13101
13145
13167
13185
13221
13225
13243
13253
13311
13325
13343
13349
13371
13439
13445
13469
13493
13511
13515
13563
13565
13577
13663
13703
13717
13743
13751
13813
13853
13907
13923
13959
13963
14013
14069
14121
14141
14183
14207
14217
14223
14235
14321
14337
14361
14371
14391
14439
14457
14497
14565
14589
14597
14609
14615
14625
14691
14705
14755
14769
14789
14813
14835
14877
14887
14891
14905
14911
14923
14937
14961
14973
14995
15063
15135
15151
15171
15197
15201
15255
15259
15261
15309
15327
15333
15363
15387
15399
15443
15471
15485
15569
15591
15595
15623
15629
15665
15671
15749
15761
15767
15797
15849
15855
15883
15897
15903
15939
15963
15981
15999
16083
16125
16157
16161
16213
16241
16247
16277
16281
16291
16305
16425
16451
16465
16481
16551
16555
16557
16583
16587
16611
16655
16669
16673
16711
16717
16723
16735
16739
16781
16829
16849
16865
16905
16919
16961
16991
17007
17019
17031
17045
17071
17073
17085
17097
17159
17183
17243
17259
17261
17267
17285
17417
17447
17497
17507
17509
17519
17527
17533
17627
17675
17723
17745
17767
17825
17863
17869
17875
17911
17915
17945
17957
17987
18075
18081
18101
18153
18167
18171
18205
18229
18253
18261
18281
18305
18311
18339
18377
18431
18483
18489
18567
18585
18627
18663
18677
18729
18769
18797
18819
18833
18901
18915
19003
19017
19065
19077
19105
19129
19161
19177
19183
19289
19319
19347
19353
19389
19401
19421
19435
19463
19491
19503
19525
19593
19679
19689
19715
19721
19787
19823
19831
19837
19983
20011
20021
20115
20133
20193
20315
20331
20391
20403
20417
20429
20441
20463
20507
20513
20525
20531
20533
20543
20575
20581
20711
20757
20785
20829
20863
20893
20949
20959
20969
20977
20989
21005
21011
21051
21065
21109
21149
21163
21165
21203
21239
21253
21325
21349
21387
21407
21425
21445
21463
21469
21511
21515
21523
21529
21553
21583
21597
21607
21635
21665
21709
21743
21763
21777
21811
21865
21907
21909
21919
21967
22003
22009
22019
22043
22061
22073
22081
22105
22145
22155
22163
22191
22205
22259
22303
22307
22331
22333
22351
22353
22445
22547
22569
22671
22709
22713
22733
22761
22781
22787
22817
22903
22923
22933
22947
22985
22991
23021
23159
23163
23203
23227
23237
23255
23283
23327
23351
23399
23463
23477
23489
23525
23637
23651
23675
23701
23729
23749
23829
23863
23939
23959
24013
24041
24055
24061
24071
24099
24111
24113
24145
24157
24335
24409
24421
24431
24495
24521
24557
24603
24619
24621
24675
24741
24745
24771
24777
24785
24791
24807
24821
24845
24899
24913
24919
24953
25011
25065
25083
25125
25269
25279
25367
25373
25377
25429
25439
25457
25493
25507
25531
25551
25559
25569
25619
25637
25641
25687
25715
25727
25743
25771
25781
25799
25817
25853
25939
26033
26045
26115
26201
26207
26235
26277
26287
26307
26319
26331
26333
26347
26361
26399
26403
26405
26417
26477
26553
26595
26609
26635
26721
26779
26797
26809
26817
26847
26857
26895
26981
27019
27055
27067
27075
27099
27135
27169
27179
27221
27225
27333
27361
27379
27399
27501
27553
27559
27565
27571
27573
27603
27631
27643
27653
27671
27753
27771
27811
27873
27893
27929
28019
28041
28061
28089
28095
28115
28117
28121
28191
28269
28291
28303
28327
28331
28365
28419
28535
28563
28569
28581
28591
28623
28719
28751
28789
28799
28817
28827
28877
28889
28901
28933
28957
28979
29087
29125
29143
29199
29211
29285
29303
29325
29415
29447
29465
29521
29543
29583
29633
29651
29687
29701
29719
29801
29821
29825
29931
29973
30001
30059
30067
30083
30157
30175
30203
30295
30317
30323
30353
30411
30425
30469
30473
30507
30541
30613
30617
30659
30679
30699
30735
30737
30743
30825
30831
30833
30861
30921
30941
30945
31011
31049
31121
31127
31131
31257
31263
31311
31403
31417
31461
31527
31587
31589
31657
31675
31719
31751
31803
31841
31851
31901
31967
31997
32023
32027
32083
32123
32153
32207
32255
32265
32289
32307
32333
32351
32369
32491
32523
32537
32609
32627
32643
32667
32669
32705
32711
32723
32725
32837
32859
32899
32929
32949
32967
32991
33027
33113
33129
33147
33149
33201
33255
33303
33331
33365
33375
33403
33433
33439
33495
33501
33505
33515
33609
33653
33727
33729
33735
33795
33863
33869
33905
33961
34011
34029
34047
34059
34095
34239
34265
34295
34311
34329
34353
34407
34421
34515
34533
34599
34643
34685
34689
34719
34725
34743
34747
34749
34769
34803
34839
34869
34891
34921
34981
35053
35093
35113
35169
35181
35233
35285
35375
35397
35401
35409
35431
35445
35531
35545
35555
35589
35611
35613
35641
35697
35719
35725
35799
35875
35895
35901
35913
35943
35949
35995
36057
36111
36125
36149
36167
36171
36181
36219
36231
36297
36315
36351
36435
36437
36453
36471
36477
36517
36527
36535
36547
36549
36571
36621
36715
36725
36729
36765
36779
36813
36859
36879
36907
36965
36969
36977
37003
37005
37053
37085
37095
37133
37151
37167
37189
37193
37293
37305
37311
37319
37323
37455
37467
37473
37483
37509
37519
37527
37543
37557
37685
37697
37727
37767
37833
38003
38009
38081
38087
38101
38121
38135
38173
38219
38227
38243
38255
38339
38375
38389
38417
38423
38471
38499
38535
38587
38667
38691
38747
38763
38811
38817
38835
38979
38981
38999
39009
39021
39103
39123
39125
39165
39191
39201
39219
39239
39327
39375
39377
39389
39393
39403
39413
39427
39451
39487
39499
39529
39553
39573
39607
39645
39655
39811
39837
39893
39921
39981
39989
40001
40007
40025
40049
40077
40101
40119
40133
40191
40329
40335
40347
40353
40365
40405
40425
40473
40503
40509
40539
40541
40621
40707
40747
40755
40799
40851
40863
40873
40919
40929
40947
40965
40975
40999
41031
41037
41101
41179
41195
41223
41277
41289
41343
41347
41361
41383
41397
41427
41449
41531
41559
41593
41623
41627
41633
41643
41695
41705
41719
41731
41781
41827
41841
41857
41893
41925
41971
41983
41997
42053
42063
42075
42099
42117
42151
42165
42187
42235
42273
42315
42317
42375
42505
42525
42539
42547
42591
42655
42665
42671
42799
42807
42849
42919
42923
42937
42965
42979
42991
43055
43075
43089
43099
43111
43175
43181
43279
43293
43297
43349
43413
43441
43447
43451
43461
43485
43513
43529
43537
43559
43563
43583
43609
43633
43703
43707
43735
43745
43775
43783
43787
43789
43825
43837
43843
43927
43967
43969
44005
44121
44133
44161
44167
44207
44227
44323
44361
44367
44375
44403
44415
44421
44491
44569
44581
44585
44599
44659
44715
44729
44747
44783
44791
44797
44823
44827
44843
44863
44895
44901
44905
44923
44969
44989
45021
45103
45117
45213
45249
45261
45303
45307
45341
45357
45401
45413
45423
45425
45471
45501
45521
45527
45585
45591
45667
45679
45709
45715
45733
45775
45825
45849
45859
45891
45903
45915
45969
46005
46029
46077
46107
46151
46163
46179
46277
46325
46329
46347
46395
46405
46433
46463
46503
46507
46517
46521
46539
46547
46577
46623
46627
46683
46725
46753
46843
46881
46887
46913
46937
46959
46973
46995
47023
47031
47037
47103
47107
47121
47189
47205
47273
47329
47359
47367
47373
47475
47503
47515
47533
47551
47593
47663
47665
47697
47737
47743
47761
47789
47809
47839
47875
47901
47947
47949
47967
47985
48019
48049
48097
48109
48285
48331
48375
48411
48417
48435
48449
48461
48497
48543
48553
48579
48591
48599
48685
48693
48705
48729
48745
48751
48763
48779
48787
48793
48805
48817
48847
48875
48903
48931
48951
48969
48983
49041
49047
49057
49075
49129
49169
49179
49217
49241
49277
49291
49335
49359
49361
49387
49397
49407
49429
49449
49501
49515
49559
49607
49611
49613
49635
49641
49683
49689
49695
49705
49733
49773
49779
49795
49867
49881
49905
49925
49929
50055
50059
50069
50083
50169
50183
50195
50293
50313
50343
50349
50367
50387
50393
50415
50427
50437
50455
50503
50507
50517
50531
50609
50651
50657
50675
50681
50691
50745
50751
50799
50829
50853
51005
51041
51077
51099
51101
51123
51129
51191
51249
51345
51351
51451
51459
51473
51507
51533
51567
51585
51605
51609
51645
51651
51721
51727
51757
51847
51909
51921
51947
51957
51969
51979
51993
52049
52059
52085
52141
52207
52209
52281
52313
52347
52371
52383
52421
52425
52473
52487
52501
52515
52529
52571
52597
52631
52659
52683
52709
52743
52785
52805
52815
52833
52907
52921
52941
52969
52995
53007
53031
53037
53057
53081
53117
53133
53175
53217
53261
53309
53315
53321
53385
53391
53405
53415
53451
53459
53527
53567
53603
53627
53653
53673
53679
53739
53747
53777
53835
53843
53907
53937
53955
53969
54023
54037
54053
54065
54085
54183
54229
54233
54281
54301
54311
54325
54329
54337
54391
54401
54431
54447
54459
54461
54509
54515
54539
54553
54587
54589
54595
54671
54679
54739
54757
54769
54805
54833
54891
54901
54911
54915
54921
54945
54987
55013
55031
55091
55129
55153
55381
55391
55415
55435
55455
55485
55493
55553
55563
55571
55577
55633
55649
55679
55689
55719
55743
55765
55799
55809
55821
55839
55863
55899
55951
55953
55975
55989
56041
56047
56087
56097
56159
56211
56259
56299
56331
56379
56417
56423
56471
56491
56499
56511
56519
56549
56633
56659
56665
56695
56701
56807
56821
56855
56875
56883
56957
57009
57019
57033
57039
57095
57137
57181
57215
57219
57225
57239
57281
57311
57327
57351
57411
57425
57435
57453
57461
57465
57523
57537
57555
57591
57653
57689
57695
57699
57735
57741
57763
57777
57783
57865
57885
57913
57939
57981
57995
58043
58057
58081
58111
58119
58143
58205
58219
58385
58413
58431
58443
58469
58515
58543
58545
58551
58563
58589
58631
58643
58645
58659
58665
58715
58739
58881
58891
58917
58971
58989
59007
59051
59079
59097
59109
59169
59305
59311
59331
59343
59385
59409
59449
59533
59579
59641
59647
59659
59685
59703
59779
59809
59865
59877
59971
60007
60021
60037
60047
60077
60083
60145
60225
60231
60245
60261
60285
60307
60319
60437
60489
60577
60601
60619
60677
60695
60699
60711
60725
60807
60811
60837
60849
60955
60957
60985
61023
61041
61063
61069
61081
61137
61159
61225
61243
61245
61251
61257
61365
61375
61397
61413
61431
61497
61539
61593
61609
61655
61671
61757
61775
61847
61853
61901
61925
61959
61963
62031
62085
62175
62185
62191
62199
62279
62293
62313
62337
62355
62371
62377
62391
62409
62477
62531
62545
62581
62607
62631
62637
62645
62675
62703
62717
62743
62785
62869
62873
62895
62917
62929
62941
63021
63027
63039
63041
63065
63071
63111
63115
63125
63153
63159
63251
63287
63319
63347
63365
63375
63389
63485
63495
63519
63523
63529
63535
63537
63555
63603
63621
63679
63693
63809
63845
63883
63897
63963
63975
63999
64057
64077
64105
64123
64141
64165
64169
64249
64303
64335
64373
64449
64503
64539
64541
64577
64589
64613
64617
64647
64689
64701
64733
64747
64809
64849
64855
64911
64935
65059
65121
65155
65157
65175
65205
65277
65283
65319
65331
65357
65363
65455
65463
