1000
182976 4 1
298146 11 9
134165 2 9
114262 6 10
171557 1 8
201494 6 2
169201 3 10
108942 3 3
145129 2 14
114266 4 12
241576 1 12
146213 7 0
281565 3 9
131695 13 2
142537 9 14
101500 12 14
220302 3 7
255147 7 14
137399 5 12
203559 9 1
291508 11 8
144771 8 1
248635 12 1
102216 8 5
241698 5 9
133244 14 12
232746 13 4
131743 5 8
237451 8 3
204505 11 3
270622 14 8
159691 14 5
299703 6 3
137022 1 6
200148 0 6
110771 5 3
160081 14 6
229325 6 5
298046 1 6
219590 14 2
163540 5 8
159316 2 6
226881 14 4
197102 0 10
290943 7 8
202717 4 8
172220 9 8
216437 5 10
144559 14 10
107526 7 9
130658 1 5
181841 14 13
171409 1 0
232216 5 4
131352 9 9
284817 12 5
110931 5 6
195930 14 5
188617 8 2
126475 11 4
144616 8 3
248065 0 7
201112 5 13
111091 5 9
161019 12 8
220885 4 10
238625 0 4
212287 10 0
187886 9 4
159021 2 13
215223 0 4
150474 3 2
186944 12 13
263411 13 8
114457 3 14
162357 4 11
194528 2 1
235268 8 5
161642 5 12
277330 10 10
205272 5 13
253778 13 0
297441 4 2
131851 0 4
256947 0 11
227512 0 10
118387 5 6
265693 13 8
285016 1 6
228088 7 4
131921 5 13
215021 2 13
287640 12 8
139222 9 12
276390 8 7
261859 4 13
228868 11 11
104775 10 8
252876 0 6
222747 7 0
233176 14 10
273202 0 14
266475 5 9
200111 4 6
287055 12 8
289629 5 2
103226 8 5
175630 0 1
244020 13 0
266747 10 1
125865 1 4
176785 13 11
229200 14 6
266126 7 1
224611 8 11
116226 10 5
268773 5 9
253895 9 14
143799 7 4
103496 14 7
244040 8 3
295672 2 0
298341 11 12
230135 4 14
133920 0 0
290388 13 0
264707 13 2
212591 13 4
289562 4 5
252522 5 5
183526 12 0
154612 2 9
267236 2 13
296960 11 12
173029 10 11
189513 7 1
298137 11 13
255423 8 13
232615 2 0
141259 9 7
202350 0 9
216199 9 11
251270 3 1
185743 0 9
240305 3 13
114387 4 9
192819 6 3
296871 5 11
101780 8 12
107229 8 8
128889 8 9
249513 11 8
199227 10 13
230053 12 3
197372 10 6
228217 8 1
241706 10 9
217969 0 5
234040 0 6
272523 9 10
105526 14 4
173818 13 14
142623 4 10
277385 2 1
119285 1 14
219900 13 11
214530 6 5
128920 1 5
155972 9 5
273773 2 10
111283 5 10
138580 10 10
293911 0 7
155308 1 5
250000 3 4
121848 10 3
100511 2 8
221179 13 1
288090 6 10
243494 5 7
291693 3 6
256417 7 14
219126 7 5
162095 8 4
202968 13 4
249740 7 14
212013 1 7
196728 7 7
299670 13 0
148953 12 7
289930 3 1
122306 0 13
275887 10 4
266806 1 13
279228 8 0
167534 3 1
242716 5 3
283762 3 2
162265 13 6
244728 11 9
161059 14 1
239734 13 1
125071 2 13
123900 14 11
216240 10 13
295588 6 6
149989 12 2
285156 13 13
290745 6 14
206846 6 12
297401 10 10
248895 14 3
119854 9 6
148219 1 4
287619 7 6
236269 9 13
280571 3 11
282406 0 5
124091 10 0
102619 5 13
226761 11 5
175139 12 14
292579 1 1
152063 4 9
104393 6 3
104168 13 2
176672 1 2
188353 10 12
275078 8 0
102107 3 6
277076 0 11
257808 13 14
224851 6 10
103960 6 12
132254 0 8
103744 0 1
213676 2 13
299196 5 11
102281 11 2
174025 3 2
188575 8 2
196175 11 6
208646 3 5
211126 12 1
266495 5 8
257360 3 12
225006 8 2
131075 1 6
137174 2 10
181344 0 7
197734 7 13
293521 9 14
227184 13 14
248673 13 14
274992 3 1
236408 5 9
164842 4 7
298670 7 6
218382 13 11
237747 7 10
275879 4 10
115555 14 0
241569 2 6
181041 10 1
163199 1 13
197227 11 10
170645 12 12
214992 4 1
266494 2 8
135425 13 14
124353 3 2
256951 3 7
209056 6 4
279381 9 13
240016 7 9
201051 10 14
118746 6 6
195266 0 3
266925 12 3
233571 4 6
216463 4 14
152291 7 12
190056 14 4
134127 2 9
107762 9 12
196646 8 13
216762 7 13
103120 2 6
216503 12 14
165977 1 0
100172 12 3
259688 4 4
119538 9 6
228407 10 2
205906 4 4
245388 12 5
291048 7 6
124707 9 12
103149 1 3
261856 7 13
226725 11 7
215772 9 2
259795 8 10
192755 1 8
110238 10 4
159062 10 12
119211 5 11
254326 0 2
156467 3 5
123685 14 4
110167 3 3
102983 10 7
137524 9 0
267252 10 9
201423 5 9
156000 11 2
216288 1 0
219881 6 8
165970 14 4
271224 4 10
193498 4 5
250936 4 9
111872 14 11
192670 1 5
226895 4 2
232529 5 3
103358 4 11
154585 11 10
259084 11 10
287020 6 8
271066 1 5
249842 8 9
114834 5 0
274891 10 6
160500 3 6
118021 14 1
176552 4 6
198597 2 8
258475 11 4
155596 10 6
111936 11 10
292309 1 5
285730 1 14
250506 9 11
293344 0 9
197796 4 8
278557 4 9
181150 13 8
212300 10 5
127103 1 0
115575 6 0
194046 6 14
259777 5 1
267024 1 1
173095 0 1
203605 13 3
281934 9 13
118845 14 2
297409 1 6
155789 3 11
290597 12 10
103241 10 12
154382 13 9
155807 6 11
160254 1 9
196335 4 13
178395 5 8
218369 9 4
294475 9 11
231890 9 5
279252 2 4
121320 8 9
189741 11 0
187496 5 12
165379 9 2
110122 12 6
155453 1 9
198958 10 4
195605 14 3
164499 14 8
197083 7 6
287839 9 11
218035 9 1
205162 14 2
178961 2 10
242812 2 9
281934 5 6
272906 10 6
177376 13 12
195391 14 7
166291 8 13
142580 0 5
280754 3 10
272657 5 8
244129 5 12
183992 12 2
294635 10 13
253563 11 10
213238 12 13
168420 4 9
202271 10 10
136774 14 4
106197 4 7
270877 0 0
231620 12 11
123169 10 4
103056 4 4
102700 4 12
268338 1 13
135908 13 13
268881 4 5
193090 5 8
255872 13 7
102040 3 14
185672 14 9
124498 3 5
289575 6 5
103990 11 9
275473 0 4
115359 13 10
276223 10 11
193467 3 0
100985 12 4
100222 1 8
276130 14 4
232367 8 7
230429 14 2
293726 0 9
238235 6 11
138798 4 1
290988 12 14
214666 11 9
153103 10 14
296968 3 12
226922 11 2
188072 7 0
116975 11 12
147013 1 2
168922 1 8
128409 12 4
263573 0 13
228139 2 8
140099 1 3
153692 6 14
268271 5 11
177370 3 0
238676 6 1
109577 6 12
153055 2 14
149040 9 5
211434 14 13
121454 11 4
192687 8 10
128575 5 14
136690 9 9
270592 8 10
156311 8 9
217607 12 10
172464 4 12
206855 12 8
222199 13 14
166033 14 3
282922 13 9
196367 0 8
205661 5 6
168228 13 13
272757 14 2
186325 6 5
281068 7 5
284436 8 4
161329 13 7
107754 3 12
254593 8 10
117680 8 8
128121 12 4
264306 0 11
171374 0 3
248156 12 12
194125 12 7
207924 1 7
150686 0 9
251724 5 11
223750 5 12
226337 11 2
118281 4 3
265821 8 7
252349 0 4
202498 12 14
177720 10 8
210142 7 6
138174 3 0
255367 8 5
289405 6 6
107424 10 10
231167 2 7
143137 11 11
231463 12 11
194333 7 10
220445 1 5
227817 3 9
260542 11 0
242891 5 6
248354 13 3
125860 6 4
157950 13 5
186258 3 8
176405 13 7
188133 5 9
194455 10 4
129573 1 2
266096 6 6
197776 3 1
122726 8 1
176626 1 3
109956 5 9
206762 5 1
174270 2 12
151936 4 12
193901 3 14
299461 5 4
237621 2 5
261766 4 9
206038 1 3
199709 8 2
197925 5 9
125545 11 3
231881 11 11
107743 9 10
131755 5 10
122581 10 4
269774 5 10
280007 0 5
254167 3 12
199182 12 0
179704 13 1
245336 13 7
224324 12 6
258661 6 1
200442 12 8
283315 0 9
144154 14 14
282747 7 3
246413 6 12
134628 5 14
180774 8 2
168404 14 8
215394 6 6
227637 11 11
107072 10 6
123307 9 8
261394 7 7
211391 9 2
177047 1 14
191040 8 8
273432 8 7
196758 14 5
238648 12 9
123740 10 9
214452 4 5
270584 13 14
108273 9 1
284845 9 14
114084 2 8
183944 0 0
113708 5 0
296060 8 8
143032 9 12
125946 9 8
261629 3 10
271786 13 4
225958 7 14
269922 4 11
151933 1 3
146731 6 14
275209 6 4
170879 13 2
200946 9 10
272255 8 13
160156 6 2
202159 7 3
155188 7 8
161692 8 13
222382 12 9
273052 8 10
211422 10 5
288833 0 12
119509 5 4
111469 10 14
170103 0 10
151113 12 2
100408 13 9
214978 4 7
121981 7 12
225907 7 1
133447 13 1
277176 4 11
208927 7 10
107679 13 11
111747 9 13
192779 11 3
274875 11 13
191329 4 1
111232 10 1
181212 3 6
271694 11 10
273581 11 3
276257 6 11
214438 8 4
139135 3 10
127968 1 7
290527 14 13
124263 7 3
208970 1 0
149599 7 6
219490 7 5
106566 11 10
135600 9 0
283759 2 2
142176 0 1
234513 4 1
222783 3 2
204050 13 12
168599 8 6
255618 14 6
279198 9 10
113538 6 13
275758 13 7
238400 0 2
250031 11 7
190721 7 1
293516 4 11
199831 3 6
218113 1 11
256638 8 8
191608 1 6
240648 10 14
111929 5 5
177011 12 1
144710 6 6
122986 9 5
199543 4 14
113484 10 12
223199 3 0
123476 0 9
284951 0 11
296740 11 3
181954 11 4
273762 12 10
288012 5 12
269454 2 8
117766 1 2
182539 2 3
161871 1 6
136352 4 13
217870 7 2
247279 0 8
117593 7 0
161108 3 6
186404 2 13
288306 0 9
138242 0 11
192881 3 12
254198 2 4
216208 0 0
210125 13 6
115931 3 6
214246 8 10
182992 5 14
165069 0 11
235330 14 7
259160 9 13
185164 14 11
187397 5 1
170507 13 1
189089 11 8
233497 9 12
240039 14 7
117850 6 1
254510 8 10
217700 11 10
133223 5 4
295939 8 12
192153 6 5
145827 10 14
253030 3 2
182884 4 8
287816 6 0
211162 6 2
187561 4 0
160303 12 5
161949 13 14
239789 4 14
159186 7 10
125951 7 9
118716 4 7
263792 4 0
282595 3 5
245736 8 13
237301 6 7
180156 12 3
200260 14 11
175243 7 5
142235 11 12
276292 11 4
115673 2 7
200903 14 5
134126 3 0
280794 13 1
264784 11 1
177849 11 4
288355 14 11
255789 8 14
256724 12 8
183347 0 1
182926 2 6
276742 4 14
193085 12 10
150721 5 0
219694 9 9
214170 13 3
194781 12 3
199318 6 12
178028 9 7
145840 11 3
291759 11 13
269662 6 6
190790 14 4
291476 10 9
188746 8 14
107558 2 4
222744 1 11
245905 4 7
161425 10 9
262176 13 8
279619 2 0
180064 0 11
233110 0 5
203774 2 13
150084 14 13
129335 14 12
103569 9 2
180303 10 5
180097 13 1
186382 9 13
135155 12 5
205345 8 13
188401 4 0
274677 3 3
291081 7 1
294492 11 11
104871 6 0
184757 4 1
158162 4 6
128585 10 12
234130 8 1
144556 1 9
190095 12 13
164684 10 6
128593 2 2
197220 12 3
250230 0 3
113005 4 0
123031 5 7
123668 1 9
127014 8 8
171737 7 8
126135 8 11
280402 1 7
147315 3 13
136090 14 6
172198 10 1
210018 4 3
169028 0 13
255278 13 5
293749 1 13
252938 13 14
145406 12 8
135316 3 8
113247 6 5
292122 1 6
197930 13 1
264153 7 8
123764 3 7
255754 6 14
236400 4 8
247127 10 13
216853 1 10
182474 2 4
225670 13 14
182858 14 0
139248 3 14
218490 11 5
170797 4 10
234171 0 6
289132 2 5
106378 2 12
166977 6 9
142465 14 9
119378 6 10
170365 6 7
180330 13 6
227417 5 14
177890 9 12
208888 12 2
131200 2 6
130593 14 7
236860 13 4
155489 0 5
176556 11 7
212477 4 14
149279 7 9
140181 3 0
233516 5 14
297444 13 4
111922 5 5
144327 12 4
194387 14 13
201952 6 14
111516 4 5
231114 13 0
280213 2 5
263400 11 6
198528 12 2
227900 7 14
241118 5 12
132712 7 9
230975 2 11
196037 10 9
198486 14 9
268543 13 2
295185 10 12
295151 14 5
230759 8 4
247998 12 3
170819 0 7
253152 8 5
181574 10 8
282621 7 6
134964 4 2
287460 5 1
274571 10 0
143559 4 8
292567 5 14
157747 8 6
155184 1 5
277307 2 3
146329 14 12
198934 5 11
263601 13 8
165830 9 14
286734 3 7
118819 9 3
190653 14 10
292773 1 1
167913 4 10
228242 9 5
142887 12 4
282164 12 11
143524 5 13
275750 14 8
238450 1 3
231153 9 4
101471 8 14
209536 3 12
137213 2 7
134507 7 6
260884 3 3
126791 13 14
198904 11 8
130828 2 7
210344 5 1
181234 6 0
128986 8 8
291705 4 7
178107 10 10
296794 5 1
254790 2 14
185622 12 14
227701 2 11
109102 9 9
109010 9 4
140086 6 3
295724 13 7
213905 0 13
105056 3 11
253098 4 2
161085 10 8
187436 7 0
180574 13 5
139349 4 10
230315 7 2
294570 14 7
249940 12 4
123513 12 5
193401 3 12
223911 8 14
117048 10 10
280917 2 5
286481 1 9
287872 3 10
136998 3 3
233669 8 10
119346 4 4
212911 13 6
116676 6 3
176434 11 9
271421 7 4
207285 5 12
207360 9 12
183586 14 3
297521 13 2
137572 8 6
176899 2 13
230073 11 5
240127 2 14
238691 10 6
295812 1 10
121894 13 8
266256 6 14
176697 8 14
284984 12 7
236843 0 6
273595 12 3
291386 10 13
174033 12 8
101172 6 10
278800 11 4
183810 9 0
238054 4 1
295491 13 4
225220 8 6
163418 1 3
254853 5 3
270280 14 1
101931 2 9
106566 12 10
299952 4 0
128269 13 3
171612 7 5
141814 12 1
187191 4 5
200082 9 5
278999 2 2
253298 4 0
247468 10 9
176344 3 5
101067 8 6
211909 4 8
232496 0 3
292686 2 4
223543 2 1
179733 14 14
186258 11 4
107563 10 0
256780 3 3
183215 14 9
153575 11 2
297621 10 6
277047 6 10
296063 4 14
179434 5 5
192920 1 8
234955 9 8
232056 11 12
106025 9 9
268116 4 14
123005 11 0
167338 1 5
118703 6 1
128935 14 3
293166 10 13
114734 6 2
104242 7 11
228050 7 3
299400 4 5
200699 2 1
105510 13 13
229907 6 14
248306 5 8
242467 0 14
298099 7 6
168017 11 12
146699 3 3
222677 8 4
127234 10 7
160044 2 9
200156 14 1
122212 14 2
288621 12 14
113192 0 7
118703 4 2
177368 1 7
235595 13 12
117596 4 6
111491 7 6
136801 13 6
104065 7 10
263428 9 12
166706 6 9
295572 10 7
