1000
137694 5 9
127185 7 12
208411 3 2
117325 14 7
160349 3 4
243449 5 2
256024 12 12
206193 4 4
141437 7 7
253547 3 12
144075 9 12
127757 2 14
299065 7 4
114141 13 4
196831 10 1
163003 0 1
249565 12 9
219260 7 14
220803 0 6
100881 0 13
109258 2 13
184599 12 3
208806 0 11
203043 0 14
101928 2 6
279860 13 7
279183 14 14
111293 13 9
185194 14 9
193404 5 10
228963 4 2
197351 12 3
225637 11 0
219622 6 5
188678 11 3
292916 2 0
166526 3 3
275291 5 12
157501 0 14
127612 13 5
158887 13 14
117211 1 10
135318 5 6
247454 3 9
227841 3 0
195689 4 12
266543 8 11
176181 13 11
237887 14 2
296016 0 5
106665 1 4
233033 4 10
221299 4 13
105823 3 7
222061 13 9
193218 4 11
114522 7 3
123155 4 13
185956 5 8
229594 10 12
123285 8 0
259269 3 7
175826 0 5
206708 14 4
136743 1 5
262608 9 7
224181 1 12
279363 14 11
232450 1 0
299726 9 14
299703 3 8
162077 3 11
242700 9 8
128115 7 1
198264 2 10
114288 1 7
264323 1 4
179866 11 12
282723 11 8
183075 14 4
110293 8 14
132969 12 4
231530 7 12
287059 7 9
286377 8 14
119467 0 1
114031 5 11
171840 2 14
219679 3 13
248950 7 13
200742 8 2
254531 7 8
254597 4 4
122738 10 9
148055 10 2
200991 5 3
195937 3 0
204432 3 7
112502 1 12
250094 2 7
152497 5 9
131425 3 4
197308 11 5
297229 0 10
206387 9 2
253145 10 11
227112 0 9
209955 10 5
249277 4 13
280928 8 6
173032 2 3
141112 14 0
234304 10 1
170028 10 14
130507 4 11
271645 11 0
195394 4 6
178436 14 10
164060 2 12
289749 0 3
260185 11 1
202860 0 8
250289 6 10
278350 7 8
221470 7 6
296072 5 7
265929 5 1
187765 9 6
287549 11 1
197151 1 7
278119 10 14
212368 5 7
296850 14 14
100291 11 0
202255 11 1
294557 13 10
240625 14 2
182913 6 12
245857 14 5
137476 4 1
125447 14 4
104122 7 8
205832 4 13
212428 5 13
139271 12 6
284381 14 5
245071 10 11
211459 3 3
153263 4 14
227644 8 3
173588 3 8
226434 11 5
191356 9 9
121685 5 11
135087 2 11
237397 4 11
162689 1 11
299254 12 11
151636 3 6
162416 8 13
201880 2 14
273187 11 7
245713 9 5
190753 10 14
185034 8 8
292917 3 10
258392 9 3
278642 12 1
228354 3 1
210606 9 13
148070 0 7
108677 8 8
193534 7 9
154936 13 4
163963 2 8
292487 3 9
104169 3 4
116923 0 9
180184 4 13
299832 6 4
281578 6 6
231173 2 12
105075 3 6
100871 13 13
108443 14 12
234191 1 4
169648 12 13
194903 0 7
180334 2 7
250509 5 8
204219 1 14
116148 10 5
231106 12 8
279715 13 11
224927 12 9
287681 13 2
121041 6 3
273768 2 12
124597 11 14
147862 13 2
105177 9 8
197005 3 5
104756 2 14
257321 12 4
109648 6 3
166654 4 0
274629 0 4
245202 9 9
105659 4 13
179532 14 5
214100 12 1
129724 10 0
101923 12 4
144829 5 4
180343 4 13
295119 2 5
101529 5 3
238884 14 11
172950 13 12
188726 3 12
278683 5 9
226440 9 2
226864 8 1
153642 11 5
273219 1 3
283986 2 2
226211 13 6
129956 1 11
299795 4 0
287388 10 3
145683 8 6
152265 2 14
154059 0 14
283460 12 12
272774 2 6
235325 8 12
255325 1 14
150519 13 5
272541 11 6
199798 2 12
214529 14 5
158881 5 4
249202 1 1
147802 4 10
128183 13 0
161734 0 10
188314 10 1
113508 5 14
262305 2 1
187332 4 2
146014 7 6
289695 2 9
112614 8 1
202773 7 12
244245 3 7
137381 5 0
134681 4 7
268139 9 10
116717 7 13
289874 7 9
179791 12 11
234612 2 9
281661 12 10
236902 14 11
170325 1 9
192631 3 10
221067 13 4
274892 2 4
274859 12 5
169280 4 3
120162 4 4
143917 0 8
190911 5 11
243804 9 3
174877 2 5
164473 13 12
296926 11 3
185959 2 5
244098 13 8
150022 13 3
156942 14 10
242962 6 3
181015 9 1
111126 8 11
228311 7 1
194258 10 10
155503 14 7
226196 9 10
243586 7 9
291225 13 10
269307 8 14
159934 13 2
151450 10 10
141419 1 6
292960 6 14
259319 5 11
188654 7 1
145200 4 0
297679 4 9
125298 5 3
292013 10 10
230839 11 0
289165 8 8
284071 13 7
282499 1 4
248589 14 2
121719 14 8
178108 4 4
125817 14 3
194012 13 6
277020 5 1
176305 13 13
299722 1 11
179284 1 2
156988 7 5
298907 7 8
168877 13 6
173711 12 10
100173 9 1
179604 3 4
252963 11 5
164313 13 1
245684 4 13
204723 7 0
150701 5 1
225059 2 8
136470 14 12
169704 0 3
145639 1 6
190596 7 7
104277 2 8
209264 14 8
241727 1 0
142271 7 5
248532 5 14
126974 9 5
237739 8 10
249032 4 8
254721 5 14
219479 8 8
119358 13 14
221178 13 4
257007 2 8
239344 14 1
120283 7 10
100935 7 2
155064 10 14
133023 13 8
163023 12 12
284798 14 3
177272 11 3
293736 7 13
156348 0 10
251714 10 4
127269 4 1
268045 11 4
298849 4 0
190482 11 13
221105 12 0
104549 13 0
286435 8 9
148294 1 13
193283 9 1
159425 11 2
262415 13 2
145826 14 10
160608 1 7
211612 8 2
205765 5 4
124891 8 14
272984 0 12
186031 1 11
263285 11 2
287364 10 2
236490 3 5
125497 0 14
283918 8 3
123670 8 1
287083 6 12
130411 4 11
113570 12 6
102215 2 13
252984 0 4
106581 4 9
208572 2 1
185844 13 12
190825 8 11
168509 8 10
115052 5 11
299013 14 1
258893 3 10
210245 3 10
232721 12 13
127010 6 7
277226 3 4
202204 0 9
240106 5 5
213658 12 5
118957 0 13
235604 11 3
126699 9 13
228397 14 14
254051 1 2
202436 5 6
197690 8 14
189095 0 4
233079 3 1
234273 1 5
280300 6 13
281352 13 10
105685 6 3
218350 8 7
146158 14 9
215587 5 7
294409 4 5
274772 9 9
212788 0 10
154228 4 6
105149 0 10
277929 3 3
107698 5 2
178766 12 2
249782 13 6
147785 9 4
237442 8 8
156845 11 9
155549 3 5
131344 3 2
290891 0 11
215896 12 4
174546 1 0
276319 9 14
196101 8 10
111875 4 14
280859 1 12
121355 1 6
222940 13 4
237961 9 14
241172 5 14
112184 2 12
178454 13 1
294095 0 8
142921 6 2
281878 1 2
256530 12 14
218099 4 5
132686 14 8
120045 5 12
173269 2 1
247485 0 1
149029 13 11
107453 1 4
119074 13 0
243087 9 1
156974 10 11
275517 11 3
131939 6 1
132096 7 8
147882 3 0
170085 10 6
128709 10 10
113257 14 13
179644 4 14
274212 2 8
155491 1 10
149735 13 4
227476 4 11
245598 9 13
296718 14 3
257934 12 10
244199 2 0
260887 11 6
268782 5 1
207471 14 4
113140 0 13
251360 4 11
241558 12 0
226335 2 9
288713 12 12
150932 13 3
254579 0 2
264897 7 6
103230 1 10
213821 9 9
189041 3 12
150249 11 3
256686 8 10
168014 0 11
285704 3 1
142382 11 3
189648 0 1
122872 7 6
104287 2 1
182102 0 8
227688 7 1
148244 12 10
182004 4 6
138260 1 7
235664 1 0
178268 3 13
178431 3 8
291499 6 6
194791 14 0
181790 8 0
154969 1 1
150810 1 10
235026 5 0
279226 11 2
228184 1 1
235258 3 9
190116 2 3
191961 1 4
229855 9 9
296577 4 1
133173 2 9
233511 12 8
129043 14 6
204202 11 4
272264 13 12
230835 14 11
217404 8 10
184906 11 3
277032 0 12
249770 11 9
124486 11 10
156858 10 12
278587 2 11
252812 5 0
156444 8 3
194669 2 6
243266 3 6
252660 9 5
102269 11 14
240314 8 14
160998 11 0
176898 3 4
284658 8 1
171377 7 13
293088 6 0
138367 1 5
131224 11 11
142546 1 4
296496 14 6
166837 5 3
204072 9 5
141933 8 4
176974 2 11
197246 13 10
297822 2 4
132140 1 7
184349 9 1
151300 1 2
291476 2 8
264976 6 7
155346 13 1
194974 7 6
167232 9 7
272011 5 9
199767 13 14
147611 13 0
131101 5 2
285889 10 8
200737 6 0
297344 13 14
111271 14 13
128600 2 5
292576 13 3
181099 8 1
125511 10 14
266492 7 0
219293 7 11
135148 4 10
138241 11 3
231053 2 4
258892 6 5
143552 5 9
160317 13 9
136159 1 9
220414 10 8
172061 9 10
271480 11 3
100070 9 14
133875 7 9
220332 3 7
275246 11 12
179879 13 6
103519 4 0
177793 7 8
140852 8 8
246408 8 11
134375 10 10
118078 4 7
204311 8 2
201278 8 12
100864 4 14
145403 11 12
248202 6 11
225260 3 7
225249 14 6
215789 10 2
114834 5 12
149176 0 10
279669 12 4
184376 8 12
269169 1 8
178065 9 10
190470 8 3
187940 10 8
281611 3 1
111772 11 13
265724 4 9
191879 4 4
294204 3 7
234456 7 10
278145 14 9
277314 14 10
169697 13 6
196271 14 13
298568 9 4
280505 3 12
146432 4 9
174676 11 8
203197 2 4
176436 8 9
169212 10 2
290051 10 5
222240 6 6
103486 3 14
141947 4 11
229373 1 8
250746 11 11
210460 14 12
266947 10 5
156777 8 11
165620 12 6
183189 7 8
299714 11 11
177500 3 7
298443 8 10
286723 4 8
273465 14 0
177747 1 11
214941 7 1
148792 8 6
291109 2 13
238777 2 9
200594 3 10
162651 10 0
281443 8 7
198596 13 5
277855 2 12
277426 10 0
188259 0 2
207131 8 14
240328 10 6
270950 14 3
273178 8 13
206803 7 6
148838 3 7
154577 3 3
227434 4 4
102437 14 10
186548 5 7
107251 2 9
200602 7 12
218406 12 5
199286 0 11
211739 7 0
106090 0 3
178406 10 8
162940 11 2
169691 9 0
163546 3 5
156050 13 1
151628 3 11
193403 13 1
143721 10 0
288166 12 14
232769 13 3
104149 9 4
203588 13 1
151685 9 0
120276 9 10
114731 13 7
172427 11 7
117455 3 3
288134 6 13
120083 3 0
282793 5 8
231591 5 10
146375 9 14
175082 14 11
150718 11 8
115581 14 2
185484 1 2
289629 11 13
185025 13 13
245004 0 2
255228 7 8
114592 13 6
220347 11 2
240918 0 4
140033 9 9
110941 10 2
296728 14 6
276843 1 14
299541 0 0
272202 4 6
266853 4 6
139536 8 3
171751 11 8
169066 5 14
179484 11 1
136879 10 14
191512 5 7
206663 12 11
109276 6 12
260349 11 2
154363 1 13
229841 13 3
175346 0 7
188323 1 12
290443 4 1
210048 9 3
157629 6 12
290243 6 6
286235 2 3
296360 12 6
270100 12 0
271934 2 6
299927 10 7
109383 4 0
116099 12 13
249938 1 4
142455 14 8
291614 5 4
193810 9 9
149943 12 9
290350 13 14
104528 1 1
293160 4 3
187694 14 5
137811 8 8
284221 5 3
222751 12 14
150831 9 6
276603 4 14
269850 9 3
229148 5 3
118727 13 5
253417 9 1
293041 6 10
217301 12 5
161052 6 7
213907 9 4
246480 10 8
173760 6 2
261267 11 0
258115 11 8
293675 1 14
236131 2 3
161059 5 3
183280 7 12
202335 11 11
286357 13 12
141991 10 11
284515 7 3
182758 13 7
213200 9 7
164598 7 5
203927 10 14
252274 3 6
177922 1 0
217277 11 6
194962 9 8
270176 4 14
250074 12 12
113123 1 3
294832 6 5
258057 0 0
271450 0 1
265776 8 0
128659 1 12
144210 12 13
200353 2 9
298373 5 0
192780 2 10
240920 13 0
248047 12 3
287818 3 14
203258 10 1
227072 8 8
145757 14 5
172597 10 1
108201 3 7
180223 11 2
141847 10 1
260653 7 12
107809 7 1
292657 0 6
151270 14 7
137721 6 0
274414 3 14
195029 4 13
295791 12 10
180464 1 2
130299 1 8
215045 6 0
218753 3 10
138467 6 1
219002 11 14
228333 2 14
241061 3 13
203385 0 8
299798 9 2
187279 9 8
105071 2 14
160582 8 11
257285 13 10
108445 0 7
148113 3 4
267206 7 5
154724 3 0
223048 1 5
191624 0 8
189832 10 4
133360 1 4
185071 8 11
285857 0 14
243209 1 0
111070 6 10
280500 4 7
278358 6 3
186966 11 10
284995 7 8
240917 13 13
264536 9 3
176992 11 0
117813 0 14
123817 0 7
238038 2 12
135183 4 11
213517 2 9
106672 7 5
258150 14 12
186299 8 2
173939 10 3
187654 14 6
273302 12 7
103609 6 7
239231 4 14
172637 10 0
211323 7 0
202089 14 13
237031 10 5
199839 3 11
296347 6 11
128573 2 10
108508 7 3
162510 9 13
229160 5 8
128904 5 7
238275 14 10
147833 9 9
177717 5 9
268785 7 1
246521 4 4
299845 2 12
274062 2 6
179441 3 5
102851 8 5
264552 4 5
252947 13 2
172808 4 12
139987 9 3
201027 11 14
288891 7 1
119306 5 13
185782 3 7
239524 12 6
224299 3 3
179585 12 11
231897 13 5
228848 13 5
236474 5 3
210456 5 14
125404 1 2
244520 8 12
123016 3 9
273097 3 9
134719 0 0
293528 1 13
259795 14 11
190701 7 5
186746 12 1
234387 5 0
151736 8 9
260656 6 0
248840 8 9
110997 6 9
256946 11 3
274089 3 6
216153 13 7
177359 11 3
253242 8 6
178619 4 11
242103 5 13
252092 10 4
173050 2 5
238414 8 5
177133 14 2
299857 12 9
283780 7 1
261301 10 5
107696 14 1
139189 6 9
265141 1 6
102947 5 9
107486 4 9
269574 14 3
284328 13 3
217249 5 12
252988 6 5
224788 0 3
176523 8 2
283602 6 0
225309 4 1
143473 12 10
198314 12 1
222604 8 14
202149 14 10
244226 1 6
260251 6 6
170358 7 13
133531 12 3
184730 1 3
247763 12 14
115851 4 13
296494 2 3
255459 3 4
170083 3 5
126958 2 12
273578 8 6
139887 10 1
187347 9 5
297363 2 6
284779 13 1
232495 13 5
225436 9 5
217421 14 3
134114 2 9
108709 9 10
273279 3 12
210654 11 11
222241 5 14
111060 7 0
221676 1 0
179140 2 0
143999 8 5
200690 0 9
223409 4 10
184120 0 13
250415 4 8
238833 6 8
178884 8 7
168119 13 9
178677 14 3
110607 0 9
149580 3 14
268899 6 10
298196 9 12
107201 1 6
159414 8 6
169065 4 2
167742 11 1
153450 2 8
220440 1 11
249221 9 6
299645 0 0
297332 11 5
253426 3 9
159710 12 2
248606 2 14
228777 0 11
108431 8 6
166390 14 10
248370 11 14
267728 4 11
278523 4 2
185264 1 9
295486 13 4
175183 12 5
253035 10 12
269246 7 5
186082 7 2
239782 4 11
103198 0 4
185518 10 9
185819 8 11
205373 10 6
